prime 2147483647
d mt2 s12 s123 s16 s23 s234 s34 s345 s45 s56
1191905868 1825591080 427967471 1365593368 431042206 236441847 414591729 126398916 1427495182 1401786327 335192293
1414157698 1825591080 427967471 1365593368 431042206 236441847 414591729 126398916 1427495182 1401786327 335192293
597726342 1825591080 427967471 1365593368 431042206 236441847 414591729 126398916 1427495182 1401786327 335192293
43808585 1825591080 427967471 1365593368 431042206 236441847 414591729 126398916 1427495182 1401786327 335192293
188019547 1825591080 427967471 1365593368 431042206 236441847 414591729 126398916 1427495182 1401786327 335192293
1447004330 1825591080 427967471 1365593368 431042206 236441847 414591729 126398916 1427495182 1401786327 335192293
1569526866 1825591080 427967471 1365593368 431042206 236441847 414591729 126398916 1427495182 1401786327 335192293
672972300 1825591080 427967471 1365593368 431042206 236441847 414591729 126398916 1427495182 1401786327 335192293
1519248110 1825591080 427967471 1365593368 431042206 236441847 414591729 126398916 1427495182 1401786327 335192293
1079704042 1825591080 427967471 1365593368 431042206 236441847 414591729 126398916 1427495182 1401786327 335192293
328567181 1825591080 427967471 1365593368 431042206 236441847 414591729 126398916 1427495182 1401786327 335192293
1577343888 1825591080 427967471 1365593368 431042206 236441847 414591729 126398916 1427495182 1401786327 335192293
367040187 1825591080 427967471 1365593368 431042206 236441847 414591729 126398916 1427495182 1401786327 335192293
289883727 1825591080 427967471 1365593368 431042206 236441847 414591729 126398916 1427495182 1401786327 335192293
961760191 1825591080 427967471 1365593368 431042206 236441847 414591729 126398916 1427495182 1401786327 335192293
1366439868 1825591080 427967471 1365593368 431042206 236441847 414591729 126398916 1427495182 1401786327 335192293
1100664806 1825591080 427967471 1365593368 431042206 236441847 414591729 126398916 1427495182 1401786327 335192293
132274868 1825591080 427967471 1365593368 431042206 236441847 414591729 126398916 1427495182 1401786327 335192293
2132765324 1825591080 427967471 1365593368 431042206 236441847 414591729 126398916 1427495182 1401786327 335192293
380227574 1825591080 427967471 1365593368 431042206 236441847 414591729 126398916 1427495182 1401786327 335192293
