prime 2147483647
d mt2 s12 s123 s16 s23 s234 s34 s345 s45 s56
1886758997 1786855049 1037058400 516201215 164072122 793315630 494180215 1224504862 1128947180 498881638 533446559
306051005 1786855049 1037058400 516201215 164072122 793315630 494180215 1224504862 1128947180 498881638 533446559
1304545421 1786855049 1037058400 516201215 164072122 793315630 494180215 1224504862 1128947180 498881638 533446559
1776148537 1786855049 1037058400 516201215 164072122 793315630 494180215 1224504862 1128947180 498881638 533446559
1779109942 1786855049 1037058400 516201215 164072122 793315630 494180215 1224504862 1128947180 498881638 533446559
435235591 1786855049 1037058400 516201215 164072122 793315630 494180215 1224504862 1128947180 498881638 533446559
11953818 1786855049 1037058400 516201215 164072122 793315630 494180215 1224504862 1128947180 498881638 533446559
1017401217 1786855049 1037058400 516201215 164072122 793315630 494180215 1224504862 1128947180 498881638 533446559
597549838 1786855049 1037058400 516201215 164072122 793315630 494180215 1224504862 1128947180 498881638 533446559
1220784820 1786855049 1037058400 516201215 164072122 793315630 494180215 1224504862 1128947180 498881638 533446559
274104644 1786855049 1037058400 516201215 164072122 793315630 494180215 1224504862 1128947180 498881638 533446559
798447285 1786855049 1037058400 516201215 164072122 793315630 494180215 1224504862 1128947180 498881638 533446559
1525195620 1786855049 1037058400 516201215 164072122 793315630 494180215 1224504862 1128947180 498881638 533446559
489441389 1786855049 1037058400 516201215 164072122 793315630 494180215 1224504862 1128947180 498881638 533446559
1566860929 1786855049 1037058400 516201215 164072122 793315630 494180215 1224504862 1128947180 498881638 533446559
297702253 1786855049 1037058400 516201215 164072122 793315630 494180215 1224504862 1128947180 498881638 533446559
703367255 1786855049 1037058400 516201215 164072122 793315630 494180215 1224504862 1128947180 498881638 533446559
296523852 1786855049 1037058400 516201215 164072122 793315630 494180215 1224504862 1128947180 498881638 533446559
615781030 1786855049 1037058400 516201215 164072122 793315630 494180215 1224504862 1128947180 498881638 533446559
1075109406 1786855049 1037058400 516201215 164072122 793315630 494180215 1224504862 1128947180 498881638 533446559
