prime 2147483647
d mt2 s12 s123 s16 s23 s234 s34 s345 s45 s56
218896959 526135708 24394061 410521722 670908728 906456198 948364853 179725582 1928507142 338103250 1149781849
232129932 526135708 24394061 410521722 670908728 906456198 948364853 179725582 1928507142 338103250 1149781849
1243855567 1445939230 1337780319 136831452 379044078 460360738 1670173576 567424634 601579328 628781292 175219925
1964289660 1445939230 1337780319 136831452 379044078 460360738 1670173576 567424634 601579328 628781292 175219925
1746802432 1884862490 1046995423 649567805 1633626522 1939720016 1281807046 1795924537 372329220 1841187983 1761595785
348074663 1884862490 1046995423 649567805 1633626522 1939720016 1281807046 1795924537 372329220 1841187983 1761595785
1650942223 1132423748 749693752 812543037 1021404521 697331412 118420891 1022392917 1492974318 844590447 907973425
1019827266 1132423748 749693752 812543037 1021404521 697331412 118420891 1022392917 1492974318 844590447 907973425
169338141 1191034000 1135022131 993783312 1655173157 869759695 393692161 229631511 877098830 1850331611 854999133
1741376370 1191034000 1135022131 993783312 1655173157 869759695 393692161 229631511 877098830 1850331611 854999133
801027754 1280031992 155512958 1973256986 44023703 409617427 715573444 1082775604 1307096770 2071112431 1211925163
1508743905 1280031992 155512958 1973256986 44023703 409617427 715573444 1082775604 1307096770 2071112431 1211925163
721275875 1222125726 166335826 1033234602 1093293215 2033279705 1743510090 1584284143 757091885 1485964998 147507658
1719582589 1222125726 166335826 1033234602 1093293215 2033279705 1743510090 1584284143 757091885 1485964998 147507658
1930244619 608577116 472818694 1141430151 1190747671 1207126597 322589759 259454892 2018758384 1932719414 146342251
379908394 608577116 472818694 1141430151 1190747671 1207126597 322589759 259454892 2018758384 1932719414 146342251
1933884054 1651713351 878857373 802304022 1039747875 557091866 240435380 2066232579 1566381981 13736502 1876637941
1411607820 1651713351 878857373 802304022 1039747875 557091866 240435380 2066232579 1566381981 13736502 1876637941
643606575 388413947 305924471 787650304 1953027556 1032505485 1590013410 296046835 776776033 630072746 108209986
118377762 388413947 305924471 787650304 1953027556 1032505485 1590013410 296046835 776776033 630072746 108209986
1371679359 539328202 1398443979 775150177 1077983145 90067153 973283608 1815083861 1020165583 1503977004 902513696
1616080833 539328202 1398443979 775150177 1077983145 90067153 973283608 1815083861 1020165583 1503977004 902513696
363246200 1127173678 909164402 337298707 950442065 65006241 1292351441 43132233 885660943 133288367 939852296
1405425433 1127173678 909164402 337298707 950442065 65006241 1292351441 43132233 885660943 133288367 939852296
436193094 1327524331 2051937337 1297304294 1631433537 82861287 1575660827 86212751 1440267220 1036394975 429974793
763879697 1327524331 2051937337 1297304294 1631433537 82861287 1575660827 86212751 1440267220 1036394975 429974793
1184883383 1063659675 960292616 391139616 747308168 1038495413 1045326426 1236630405 286114852 504900693 330828461
1408310006 1063659675 960292616 391139616 747308168 1038495413 1045326426 1236630405 286114852 504900693 330828461
541471460 1334922885 2067672455 272191633 81081165 1576085926 1962374844 1655687681 1285985174 592698979 866492510
2022172243 1334922885 2067672455 272191633 81081165 1576085926 1962374844 1655687681 1285985174 592698979 866492510
1088658922 1762981323 1806450515 1161687118 1798186041 2113488068 701621497 643260594 441999703 1489421676 2593548
684410140 1762981323 1806450515 1161687118 1798186041 2113488068 701621497 643260594 441999703 1489421676 2593548
463672107 47601485 930730661 1264028787 1984175590 1856767021 786541881 1348716738 1972328577 939492453 269486126
193342109 47601485 930730661 1264028787 1984175590 1856767021 786541881 1348716738 1972328577 939492453 269486126
933802886 171414546 953447767 473723537 1514761889 834530469 1455796663 339201483 1285873886 1591776976 878869884
45684212 171414546 953447767 473723537 1514761889 834530469 1455796663 339201483 1285873886 1591776976 878869884
1130607209 2065322649 563361326 60013319 189971486 240019642 2146969709 1348099838 419380205 119574600 1101648911
1587246594 2065322649 563361326 60013319 189971486 240019642 2146969709 1348099838 419380205 119574600 1101648911
483810984 784722593 578877912 1831185552 1404686420 760276297 1364771525 750469977 2142985992 346770303 1700317674
574872371 784722593 578877912 1831185552 1404686420 760276297 1364771525 750469977 2142985992 346770303 1700317674
1301259755 1951218683 1899430764 1583349577 2091051267 206891163 1773006055 862464521 1823002928 1865949540 900072282
602164361 1951218683 1899430764 1583349577 2091051267 206891163 1773006055 862464521 1823002928 1865949540 900072282
200995045 756344423 1076389357 1989430106 223524173 1248589650 2072286561 912280467 2001940106 1090271069 569460776
1460400172 756344423 1076389357 1989430106 223524173 1248589650 2072286561 912280467 2001940106 1090271069 569460776
49703294 1976864738 1917171482 889450006 1666227506 578834179 318623191 1677322790 1102533432 1348374502 1388729150
689905928 1976864738 1917171482 889450006 1666227506 578834179 318623191 1677322790 1102533432 1348374502 1388729150
1738526119 892393789 1724952758 938476836 1842124830 532660802 1438786649 1707339752 52957975 1499308426 1145775714
971880585 892393789 1724952758 938476836 1842124830 532660802 1438786649 1707339752 52957975 1499308426 1145775714
1374938904 52001333 521773554 1650954803 1176187108 935344549 177214995 595721400 1210533128 2052840857 225556227
1349604010 52001333 521773554 1650954803 1176187108 935344549 177214995 595721400 1210533128 2052840857 225556227
1652599327 760562529 1752603048 493786604 1280803022 1817722733 988768882 1417676980 1855937788 2138861373 1120778094
407510174 760562529 1752603048 493786604 1280803022 1817722733 988768882 1417676980 1855937788 2138861373 1120778094
464605090 472914679 2031011529 1856561749 1034356849 1826327524 1897191874 1848374626 39222889 741313427 1583977521
1005942000 472914679 2031011529 1856561749 1034356849 1826327524 1897191874 1848374626 39222889 741313427 1583977521
318519014 782853682 539718165 974119731 544768054 615776448 655455965 1286279023 2042420722 1159203002 768213722
1147929552 782853682 539718165 974119731 544768054 615776448 655455965 1286279023 2042420722 1159203002 768213722
336274317 1297757656 1057028666 1387361971 1174936157 626190638 1213936262 2040021871 2027238261 457710250 561189881
1072251459 1297757656 1057028666 1387361971 1174936157 626190638 1213936262 2040021871 2027238261 457710250 561189881
853850497 699988832 1918047414 475562279 2022542316 354011298 241824492 1813004443 1421678398 1828943195 382944024
1660709863 699988832 1918047414 475562279 2022542316 354011298 241824492 1813004443 1421678398 1828943195 382944024
237244492 1922778649 1287707649 1461594351 1914991120 2145696332 1908381075 1837877317 1442368438 2141325174 1323786340
800068959 1922778649 1287707649 1461594351 1914991120 2145696332 1908381075 1837877317 1442368438 2141325174 1323786340
1800425051 1676841703 166796453 451343131 1849742153 168828316 278425119 1607560637 1838334231 1340638549 329212020
2107527346 1676841703 166796453 451343131 1849742153 168828316 278425119 1607560637 1838334231 1340638549 329212020
1162458995 1417844213 151029811 437639440 1788507194 1693327726 786397154 995614787 2027427604 970162963 566453843
1336380642 1417844213 151029811 437639440 1788507194 1693327726 786397154 995614787 2027427604 970162963 566453843
1754342147 292682523 1818783753 259621602 820749366 2023863210 304214267 647057865 2020299911 1166669987 739989060
1503591741 292682523 1818783753 259621602 820749366 2023863210 304214267 647057865 2020299911 1166669987 739989060
553265861 1501348767 1079057440 1510482950 1023694819 1201949082 1859302733 1400299692 1738757408 177942774 773179524
50936038 1501348767 1079057440 1510482950 1023694819 1201949082 1859302733 1400299692 1738757408 177942774 773179524
1675038319 209802602 2017129078 632740578 1798718807 244291317 2036425631 1183358712 692890633 903002740 564463369
567336067 209802602 2017129078 632740578 1798718807 244291317 2036425631 1183358712 692890633 903002740 564463369
453380602 1846002342 1101053086 1793198889 114046883 1237137590 949154315 2052940623 555492683 360877600 791587399
1274522455 1846002342 1101053086 1793198889 114046883 1237137590 949154315 2052940623 555492683 360877600 791587399
1558116306 1777836372 571317973 787357168 2004012528 45743545 1001732579 1438608664 288821713 354402170 1471154727
1003470974 1777836372 571317973 787357168 2004012528 45743545 1001732579 1438608664 288821713 354402170 1471154727
2067334653 1455281484 1670607492 1350478038 1725288870 1013536416 299274853 1879877655 1126180574 963447206 1279088016
402562670 1455281484 1670607492 1350478038 1725288870 1013536416 299274853 1879877655 1126180574 963447206 1279088016
1503178602 2096659387 1010529162 1487494394 53717247 772235991 2018186410 1686009175 904742859 1274859357 153997519
1849751805 2096659387 1010529162 1487494394 53717247 772235991 2018186410 1686009175 904742859 1274859357 153997519
