prime 2147483647
d mt2 s12 s123 s16 s23 s234 s34 s345 s45 s56
89901561 1943483730 899021799 740064003 195770112 827709503 1799349077 943002512 880553301 1207608918 1194705079
1618160200 1943483730 899021799 740064003 195770112 827709503 1799349077 943002512 880553301 1207608918 1194705079
527593422 1943483730 899021799 740064003 195770112 827709503 1799349077 943002512 880553301 1207608918 1194705079
769603908 1943483730 899021799 740064003 195770112 827709503 1799349077 943002512 880553301 1207608918 1194705079
670213745 1943483730 899021799 740064003 195770112 827709503 1799349077 943002512 880553301 1207608918 1194705079
125974977 1943483730 899021799 740064003 195770112 827709503 1799349077 943002512 880553301 1207608918 1194705079
657419082 1943483730 899021799 740064003 195770112 827709503 1799349077 943002512 880553301 1207608918 1194705079
52966923 1943483730 899021799 740064003 195770112 827709503 1799349077 943002512 880553301 1207608918 1194705079
1930461701 1943483730 899021799 740064003 195770112 827709503 1799349077 943002512 880553301 1207608918 1194705079
480062853 1943483730 899021799 740064003 195770112 827709503 1799349077 943002512 880553301 1207608918 1194705079
1290209147 1943483730 899021799 740064003 195770112 827709503 1799349077 943002512 880553301 1207608918 1194705079
1705593025 1943483730 899021799 740064003 195770112 827709503 1799349077 943002512 880553301 1207608918 1194705079
1274926919 1943483730 899021799 740064003 195770112 827709503 1799349077 943002512 880553301 1207608918 1194705079
696050951 1943483730 899021799 740064003 195770112 827709503 1799349077 943002512 880553301 1207608918 1194705079
806766135 1943483730 899021799 740064003 195770112 827709503 1799349077 943002512 880553301 1207608918 1194705079
2065841250 1943483730 899021799 740064003 195770112 827709503 1799349077 943002512 880553301 1207608918 1194705079
809637513 1943483730 899021799 740064003 195770112 827709503 1799349077 943002512 880553301 1207608918 1194705079
352740824 1943483730 899021799 740064003 195770112 827709503 1799349077 943002512 880553301 1207608918 1194705079
98605290 1943483730 899021799 740064003 195770112 827709503 1799349077 943002512 880553301 1207608918 1194705079
416914965 1943483730 899021799 740064003 195770112 827709503 1799349077 943002512 880553301 1207608918 1194705079
750314443 1943483730 899021799 740064003 195770112 827709503 1799349077 943002512 880553301 1207608918 1194705079
1296369770 1943483730 899021799 740064003 195770112 827709503 1799349077 943002512 880553301 1207608918 1194705079
2084330497 1943483730 899021799 740064003 195770112 827709503 1799349077 943002512 880553301 1207608918 1194705079
1264966974 1943483730 899021799 740064003 195770112 827709503 1799349077 943002512 880553301 1207608918 1194705079
1999600943 1943483730 899021799 740064003 195770112 827709503 1799349077 943002512 880553301 1207608918 1194705079
1608643370 1943483730 899021799 740064003 195770112 827709503 1799349077 943002512 880553301 1207608918 1194705079
633452546 1943483730 899021799 740064003 195770112 827709503 1799349077 943002512 880553301 1207608918 1194705079
299384483 1943483730 899021799 740064003 195770112 827709503 1799349077 943002512 880553301 1207608918 1194705079
294128347 1943483730 899021799 740064003 195770112 827709503 1799349077 943002512 880553301 1207608918 1194705079
985351247 1943483730 899021799 740064003 195770112 827709503 1799349077 943002512 880553301 1207608918 1194705079
1930656857 1943483730 899021799 740064003 195770112 827709503 1799349077 943002512 880553301 1207608918 1194705079
1400471749 1943483730 899021799 740064003 195770112 827709503 1799349077 943002512 880553301 1207608918 1194705079
1615614897 1943483730 899021799 740064003 195770112 827709503 1799349077 943002512 880553301 1207608918 1194705079
1370909932 1943483730 899021799 740064003 195770112 827709503 1799349077 943002512 880553301 1207608918 1194705079
1958949266 1943483730 899021799 740064003 195770112 827709503 1799349077 943002512 880553301 1207608918 1194705079
439618733 1943483730 899021799 740064003 195770112 827709503 1799349077 943002512 880553301 1207608918 1194705079
2081148077 1943483730 899021799 740064003 195770112 827709503 1799349077 943002512 880553301 1207608918 1194705079
1943285524 1943483730 899021799 740064003 195770112 827709503 1799349077 943002512 880553301 1207608918 1194705079
1690200665 1943483730 899021799 740064003 195770112 827709503 1799349077 943002512 880553301 1207608918 1194705079
1646811968 1943483730 899021799 740064003 195770112 827709503 1799349077 943002512 880553301 1207608918 1194705079
