596555488
430070731
579332809
7999989
528639931
940840047
1351596910
1196735480
731730331
149660187
244425535
1428997428
1023972122
385407866
891672269
1296164756
45860206
781105531
540460422
519639232
484521924
729234248
771147087
1491097506
52431440
96067556
350370015
1722786874
1869665066
501275874
239992629
1095875550
910772460
957386613
520263743
239801841
339320906
1608476303
553071146
145730287
164500171
277419450
932626708
902572904
584151321
544828575
295289155
1073656824
829000393
1275410205
1295106107
622532537
578641388
161393772
593564633
787242763
268001771
789185757
510108777
380179663