prime 2147483647
d mt2 s12 s123 s16 s23 s234 s34 s345 s45 s56
1696865599 1560992762 156818024 911565037 1364738055 832089183 696111499 930370629 1165204118 841765258 722953648
314164057 1560992762 156818024 911565037 1364738055 832089183 696111499 930370629 1165204118 841765258 722953648
1466961634 1560992762 156818024 911565037 1364738055 832089183 696111499 930370629 1165204118 841765258 722953648
1704744425 1560992762 156818024 911565037 1364738055 832089183 696111499 930370629 1165204118 841765258 722953648
451783578 1560992762 156818024 911565037 1364738055 832089183 696111499 930370629 1165204118 841765258 722953648
902103887 1560992762 156818024 911565037 1364738055 832089183 696111499 930370629 1165204118 841765258 722953648
487234143 1560992762 156818024 911565037 1364738055 832089183 696111499 930370629 1165204118 841765258 722953648
2114996367 1560992762 156818024 911565037 1364738055 832089183 696111499 930370629 1165204118 841765258 722953648
1875180959 1560992762 156818024 911565037 1364738055 832089183 696111499 930370629 1165204118 841765258 722953648
550496806 1560992762 156818024 911565037 1364738055 832089183 696111499 930370629 1165204118 841765258 722953648
609485837 1560992762 156818024 911565037 1364738055 832089183 696111499 930370629 1165204118 841765258 722953648
373197171 1560992762 156818024 911565037 1364738055 832089183 696111499 930370629 1165204118 841765258 722953648
1851412685 1560992762 156818024 911565037 1364738055 832089183 696111499 930370629 1165204118 841765258 722953648
1665662003 1560992762 156818024 911565037 1364738055 832089183 696111499 930370629 1165204118 841765258 722953648
1629862003 1560992762 156818024 911565037 1364738055 832089183 696111499 930370629 1165204118 841765258 722953648
1544700845 1560992762 156818024 911565037 1364738055 832089183 696111499 930370629 1165204118 841765258 722953648
4022868 1560992762 156818024 911565037 1364738055 832089183 696111499 930370629 1165204118 841765258 722953648
890041470 1560992762 156818024 911565037 1364738055 832089183 696111499 930370629 1165204118 841765258 722953648
882754457 1560992762 156818024 911565037 1364738055 832089183 696111499 930370629 1165204118 841765258 722953648
1394355937 1560992762 156818024 911565037 1364738055 832089183 696111499 930370629 1165204118 841765258 722953648
