KITE[1,1,0,0,1,0,0,0,0]  # 19
KITE[1,0,1,0,1,0,0,0,0]  # 21
KITE[0,1,1,0,1,0,0,0,0]  # 22
KITE[-1,1,1,0,1,0,0,0,0] # 22
KITE[1,1,1,0,1,0,0,0,0]  # 23
KITE[1,1,1,-1,1,0,0,0,0] # 23
KITE[1,1,1,0,1,-1,0,0,0] # 23
KITE[1,0,1,1,0,0,0,0,0]  # 13
KITE[1,0,1,1,1,0,0,0,0]  # 29
KITE[0,1,1,1,0,0,0,0,0]  # 14
KITE[1,1,1,1,0,0,0,0,0]  # 15
KITE[1,1,1,1,-1,0,0,0,0] # 15
KITE[0,1,1,1,1,0,0,0,0]  # 30
KITE[1,1,1,1,1,0,0,0,0]  # 31
KITE[1,1,1,1,1,-1,0,0,0] # 31
KITE[1,1,1,1,1,0,-1,0,0] # 31
KITE[1,1,1,1,1,0,0,-1,0] # 31
KITE[1,1,1,1,1,0,0,0,-1] # 31
KITE[1,1,1,1,1,-2,0,0,0] # 31
