511288938
1427692048
263630551
1996041824
1073624566
1099556930
35464181
1488427923
22972490
1653819431
170322014
240988840
274725958
1099423402
443300723
1353978731
1225852513
141886518
964117116
1453640931
128590372
1847787692
1342947525
348041993
747829037
345841562
1379244035
1196251943
159126160
138081739
1694097548
408877475
1780658681
97270288
36443059
1406530352
93853694
192291970
2050629420
1044287477
1748303955
1437077798
1865819391
415767654
2023871661
360506251
559936311
1251289587
320115439
522560188
1136962406
2078705518
907906651
1452287925
1427580295
96856237
1275350564
1331180422
757360479
1986112017
1203099225
646984975
1027120345
1216930840
275258626
352165778
687076450
666880385
1125518142
1296649885
650507478
782275775
1793374242
875074283
1764506411
1124251038
2146835705
117745229
1601108804
1083549317
479304699
1823043828
2113440926
2055458188
1715845832
227622852
1269097896
616233087
907832809
1868372346
1891910155
399509081
1616886753
1240332862
216413385
1635834000
252524206
2134361225
938624387
1122574737
1090592275
375450378
694066549
904989603
1352149558
849611601
1152171858
1376794163
1863584694
1970080643
1734925552
753343997
144967351
1626513845
27754183
470429632
441368809
92364944
1151757449
458303459
652871210
334929477
1577149059
1401834725
1055404546
2074571163
1001957360
1171070113
256200629
1307653478
946795785
1419914580
1063285337
643475978
1704705025
476347785
605266077
559713171
45325487
765267904
1459227311
1601557666
54516479
1810703173
897787923
1153517002
925835609
1916080077
17128273
1090123416
1299380506
1771764287
869821932
965759818
1079152473
1758432710
521793888
1643720288
1581013391
620060254
179378614
1445760745
418468542
672454161
1568790716
1122822179
1012509408
292971708
410714568
802661741
666253288
579923612
2070695002
664108181
12808425
772512988
1026131685
494021462
1486068343
454301367
1374237267
1543800186
839889076
1476313447
1821643133
1989488290
1222193478
836585157
1973946711
807789078
202602401
955504320
1921039567
1937574865
2065606260
1670731382
1639239800
1418324387
1767993193
651171072