hxb[1,0,1,0,0,0,0,1,0,0,0,0,0]  # 133
hxb[1,0,0,1,0,0,1,0,0,0,0,0,0]  #  73
hxb[0,0,1,1,0,0,1,0,0,0,0,0,0]  #  76
hxb[1,0,1,1,0,0,1,0,0,0,0,0,0]  #  77
hxb[1,0,1,1,0,0,1,0,-1,0,0,0,0] #  77
hxb[1,0,0,1,0,0,0,1,0,0,0,0,0]  # 137
hxb[0,0,1,1,0,0,0,1,0,0,0,0,0]  # 140
hxb[-1,0,1,1,0,0,0,1,0,0,0,0,0] # 140
hxb[1,0,1,1,0,0,0,1,0,0,0,0,0]  # 141
hxb[1,0,1,1,0,0,0,1,-1,0,0,0,0] # 141
hxb[1,-1,1,1,0,0,0,1,0,0,0,0,0] # 141
hxb[1,0,0,1,0,0,1,1,0,0,0,0,0]  # 201
hxb[0,0,1,1,0,0,1,1,0,0,0,0,0]  # 204
hxb[1,0,1,1,0,0,1,1,0,0,0,0,0]  # 205
hxb[1,0,1,1,0,0,1,1,-1,0,0,0,0] # 205
hxb[1,-1,1,1,0,0,1,1,0,0,0,0,0] # 205
hxb[1,0,1,1,-1,0,1,1,0,0,0,0,0] # 205
hxb[1,0,1,1,0,0,1,1,0,-1,0,0,0] # 205
hxb[1,0,1,1,0,0,1,1,-2,0,0,0,0] # 205
