hxb[1,0,0,1,0,0,1,0,0,0,0,0,0]  #  73
hxb[0,1,0,1,0,0,1,0,0,0,0,0,0]  #  74
hxb[0,1,0,1,0,0,1,0,1,0,0,0,0]  # 330
hxb[0,0,1,1,0,0,1,0,0,0,0,0,0]  #  76
hxb[1,0,0,1,0,0,0,1,0,0,0,0,0]  # 137
hxb[0,1,0,1,0,0,0,1,0,0,0,0,0]  # 138
hxb[-1,1,0,1,0,0,0,1,0,0,0,0,0] # 138
hxb[0,0,1,1,0,0,0,1,0,0,0,0,0]  # 140
hxb[-1,0,1,1,0,0,0,1,0,0,0,0,0] # 140
hxb[0,0,1,1,0,1,0,1,0,0,0,0,0]  # 172
hxb[1,0,0,1,0,0,1,1,0,0,0,0,0]  # 201
hxb[0,1,0,1,0,0,1,1,0,0,0,0,0]  # 202
hxb[1,1,0,1,0,0,1,1,0,0,0,0,0]  # 203
hxb[1,1,0,1,0,0,1,1,-1,0,0,0,0] # 203
hxb[0,1,0,1,0,0,1,1,1,0,0,0,0]  # 458
hxb[-1,1,0,1,0,0,1,1,1,0,0,0,0] # 458
hxb[0,0,1,1,0,0,1,1,0,0,0,0,0]  # 204
