DB[0,1,0,1,0,1,0,0,0]  #  42
DB[1,0,1,1,0,1,0,0,0]  #  45
DB[1,1,1,1,0,1,0,0,0]  #  47
DB[0,1,0,0,1,1,0,0,0]  #  50
DB[1,0,1,0,1,1,0,0,0]  #  53
DB[1,1,1,0,1,1,0,0,0]  #  55
DB[0,1,0,0,0,1,1,0,0]  #  98
DB[0,0,1,0,0,1,1,0,0]  # 100
DB[0,1,1,0,0,1,1,0,0]  # 102
DB[0,1,0,1,0,1,1,0,0]  # 106
DB[-1,1,0,1,0,1,1,0,0] # 106
DB[1,1,0,1,0,1,1,0,0]  # 107
DB[1,0,0,0,1,0,1,0,0]  #  81
DB[0,1,0,0,1,0,1,0,0]  #  82
DB[-1,1,0,0,1,0,1,0,0] #  82
DB[1,1,0,0,1,0,1,0,0]  #  83
DB[0,1,0,0,1,1,1,0,0]  # 114
DB[-1,1,0,0,1,1,1,0,0] # 114
DB[1,1,0,0,1,1,1,0,0]  # 115
DB[1,0,1,0,1,0,1,0,0]  #  85
DB[0,0,1,0,1,1,1,0,0]  # 116
DB[1,0,1,0,1,1,1,0,0]  # 117
DB[1,1,1,0,1,0,1,0,0]  #  87
DB[1,1,1,0,1,-1,1,0,0] #  87
DB[0,1,1,0,1,1,1,0,0]  # 118
DB[-1,1,1,0,1,1,1,0,0] # 118
DB[0,1,1,-1,1,1,1,0,0] # 118
DB[0,1,1,0,1,1,1,-1,0] # 118
DB[0,1,1,0,1,1,1,0,-1] # 118
DB[1,1,1,0,1,1,1,0,0]  # 119
DB[1,1,0,1,1,0,1,0,0]  #  91
DB[1,1,0,1,1,-1,1,0,0] #  91
DB[0,1,0,1,1,1,1,0,0]  # 122
DB[-1,1,0,1,1,1,1,0,0] # 122
DB[1,1,1,1,1,1,1,0,0]  # 127
DB[1,1,1,1,1,1,1,-1,0] # 127
DB[1,1,1,1,1,1,1,0,-1] # 127
