478 11248363672892787977 1 7
6 1 2 7 8 3 4 

475 17583300586705990545 1 7
6 1 0 7 8 3 4 

508 3658496150922761725 1 7
6 7 2 5 4 8 3 

502 8828293926521478632 1 7
6 1 2 7 5 8 4 

506 9749474813864248828 1 7
6 1 7 5 8 3 4 

499 17229138171814411191 1 7
6 1 0 7 5 8 4 

477 17546891275497128094 1 7
6 0 7 2 4 8 3 

471 4994706440730284520 1 7
6 8 4 1 0 2 7 

505 606483900677856732 1 7
6 7 0 4 5 8 3 

501 12714693652567081710 1 7
6 4 5 8 7 0 2 

494 7069158180892076708 1 7
6 1 2 7 5 8 3 

463 15230720403822224960 1 7
6 8 3 1 0 2 7 

491 8679524193939185287 1 7
6 1 0 7 5 8 3 

415 8098628220557760200 2 7
4 8 3 1 0 2 7 
8 4 3 1 0 2 7 

493 18129450384948550739 1 7
6 7 0 2 5 8 3 

431 4247852802253928164 2 7
3 5 8 1 0 2 7 
5 3 8 1 0 2 7 

446 8822458759394679049 1 7
1 2 7 4 5 8 3 

487 10092961244136726981 1 7
6 5 8 1 0 2 7 

443 9660602961873683302 1 7
1 0 7 4 5 8 3 

439 264148750978306712 1 7
4 5 8 1 0 2 7 

382 13980247858785015685 1 7
6 1 2 5 8 3 4 

445 5030758518439518068 1 7
0 7 2 4 5 8 3 

379 11332620949140235470 1 7
6 1 0 5 8 3 4 

351 14070159721249608570 1 7
6 1 0 2 8 3 4 

375 2375626699373834526 1 7
6 1 0 2 5 8 4 

251 16815194668277136627 1 7
6 1 0 7 5 3 4 

381 15151845397262728598 1 7
6 0 2 4 5 8 3 

367 3378379651874016821 2 7
6 1 2 0 3 5 8 
6 1 0 2 5 3 8 

254 9656502551256009202 1 7
6 1 2 7 5 3 4 

319 11019998762995711011 2 7
1 0 2 4 5 8 3 
1 2 0 4 5 8 3 

253 8998406763207329401 2 7
6 5 4 3 0 7 2 
6 0 7 2 5 4 3 

223 4274316519402748851 1 7
6 3 4 1 0 2 7 

283 5584106331192016169 2 5
1 0 4 8 3 
1 0 8 4 3 

310 775146498993194271 1 5
1 2 4 5 8 

53 9130769892073462983 4 4
4 5 0 2 
4 5 2 0 
5 4 2 0 
5 4 0 2 

314 14283288705551281839 1 5
1 4 5 8 3 

302 6558236086739222876 2 5
1 2 3 5 8 
1 2 5 3 8 

45 612791106397716259 8 4
0 2 3 5 
0 2 5 3 
2 0 3 5 
2 0 5 3 
3 5 0 2 
3 5 2 0 
5 3 2 0 
5 3 0 2 

236 4386936321636262129 1 5
6 5 3 7 2 

109 8956647154832840857 4 5
6 2 0 3 5 
6 3 5 2 0 
6 5 3 0 2 
6 0 2 5 3 

366 12928055205370221648 1 6
6 1 2 5 3 8 

124 1456801815329365222 2 5
2 6 5 4 3 
6 2 5 4 3 

94 7850665189293361659 1 5
6 1 2 3 4 

218 9913319452024297019 1 5
6 1 7 3 4 

91 15179074135108677190 1 5
6 1 0 3 4 

348 18034267050879544400 4 5
2 6 4 8 3 
2 6 8 4 3 
6 2 4 8 3 
6 2 8 4 3 

122 16876882620166773886 1 5
1 6 5 3 4 

93 4386936321636262129 1 5
6 0 2 4 3 

350 16035499165212994346 1 6
6 1 2 8 3 4 

214 17840074030894229411 2 5
4 6 1 2 7 
6 4 1 2 7 

87 7090935507870791225 2 5
4 6 1 0 2 
6 4 1 0 2 

118 1012817573167173609 1 5
6 1 2 5 4 

248 13235078257298696419 2 5
6 7 5 4 3 
7 6 5 4 3 

121 3764897902576552949 2 5
0 6 4 5 3 
6 0 4 5 3 

378 13803658540171879083 1 6
1 6 5 8 3 4 

206 15313408573813416009 2 5
3 6 1 2 7 
6 3 1 2 7 

79 10191498738810929191 2 5
3 6 1 0 2 
6 3 1 0 2 

242 13705650404477558157 1 5
6 1 7 5 4 

115 11402912102553891688 1 5
6 1 0 5 4 

372 16599914316653156141 2 5
2 6 4 5 8 
6 2 4 5 8 

110 10489819319738458434 1 5
6 1 2 5 3 

244 7313565471164802684 1 5
6 5 4 7 2 

117 15112911786286771223 1 5
6 4 5 0 2 

374 3456146068147362070 1 6
6 1 2 5 8 4 

309 4126259669453354345 2 5
0 2 4 5 8 
2 0 4 5 8 

182 10599533836043231764 2 5
4 5 1 2 7 
5 4 1 2 7 

55 5432689157012223961 4 5
4 5 1 0 2 
4 5 1 2 0 
5 4 1 2 0 
5 4 1 0 2 

230 2020699952789836462 2 5
5 6 1 2 7 
6 5 1 2 7 

103 10191498738810929191 2 5
5 6 1 2 0 
6 5 1 2 0 

301 14202567388947461523 4 5
0 2 3 5 8 
0 2 5 3 8 
2 0 3 5 8 
2 0 5 3 8 

174 12315045887425734052 2 5
3 5 1 2 7 
5 3 1 2 7 

47 6219281824189230141 4 5
3 5 1 0 2 
3 5 1 2 0 
5 3 1 2 0 
5 3 1 0 2 

234 8899788304004784070 1 5
6 1 7 5 3 

107 10489819319738458434 1 5
6 1 0 3 5 

364 9205612377817434883 2 5
2 6 5 3 8 
6 2 5 3 8 

61 5330226389295491266 2 5
0 2 5 4 3 
2 0 5 4 3 

318 3237776862830960878 1 6
1 2 4 5 8 3 

62 4690963493995817113 1 5
1 2 5 4 3 

186 14600382612129410511 1 5
1 7 5 4 3 

59 4690963493995817113 1 5
1 0 5 4 3 

326 9894756439179467589 2 4
6 8 1 2 
8 6 1 2 

203 17296525449976738144 2 5
3 6 1 0 7 
6 3 1 0 7 

460 16952833468635516847 2 5
6 7 2 8 3 
6 8 3 7 2 

330 7652891985569407875 2 4
1 6 3 8 
1 6 8 3 

73 11878121665115635741 6 3
0 3 6 
0 6 3 
3 0 6 
3 6 0 
6 3 0 
6 0 3 

211 3766596475151922331 2 5
4 6 1 0 7 
6 4 1 0 7 

468 5092518801710075701 1 5
6 8 4 7 2 

338 13272346181462992937 1 4
1 6 8 4 

81 308540504052026716 6 3
0 4 6 
0 6 4 
4 0 6 
4 6 0 
6 4 0 
6 0 4 

452 3935735532786453971 2 4
6 8 7 2 
8 6 7 2 

325 15068912372138105588 4 4
6 8 0 2 
6 8 2 0 
8 6 2 0 
8 6 0 2 

181 6792162790137436578 2 5
4 5 0 7 2 
5 4 0 7 2 

438 12674708761455031596 1 6
1 2 7 4 5 8 

54 15111556711999436041 2 4
1 2 4 5 
1 2 5 4 

311 9194663679214434894 2 6
1 0 2 4 5 8 
1 2 0 4 5 8 

205 1456801815329365222 2 5
3 6 0 7 2 
6 3 0 7 2 

462 5615702903180966938 1 6
6 8 3 1 2 7 

78 9894756439179467589 2 4
3 6 1 2 
6 3 1 2 

335 5973219547285054994 1 6
6 3 8 1 0 2 

77 3192945947199322818 2 4
3 6 0 2 
6 3 0 2 

334 7503906928833025299 2 5
6 1 2 3 8 
6 1 2 8 3 

233 15112911786286771223 1 5
6 7 0 5 3 

490 5264515964634546536 1 6
6 1 7 5 8 3 

106 4296204910931894691 2 4
1 6 5 3 
1 6 3 5 

363 12928055205370221648 1 6
6 1 0 3 5 8 

224 308540504052026716 6 3
5 6 7 
5 7 6 
6 5 7 
6 7 5 
7 6 5 
7 5 6 

481 15054530120752050207 1 5
6 7 0 5 8 

173 5330226389295491266 2 5
3 5 0 7 2 
5 3 0 7 2 

430 3635831071503244203 2 6
1 2 7 5 3 8 
1 2 7 3 5 8 

46 16608485774341471729 2 4
1 2 3 5 
1 2 5 3 

303 18220464181971793943 4 6
1 0 2 3 5 8 
1 0 2 5 3 8 
1 2 0 3 5 8 
1 2 0 5 3 8 

282 13227860942282020578 2 4
1 4 8 3 
1 8 4 3 

185 6792162790137436578 2 5
0 7 5 4 3 
7 0 5 4 3 

442 1688055294894197806 1 6
1 7 4 5 8 3 

58 8389124068279413790 1 4
1 5 4 3 

315 3237776862830960878 1 6
1 0 4 5 8 3 

278 4032731157334490680 2 4
1 2 4 8 
1 2 8 4 

299 6558236086739222876 2 5
1 0 3 5 8 
1 0 5 3 8 

42 14676353639097431162 2 3
1 3 5 
1 5 3 

108 3192945947199322818 2 4
2 6 5 3 
6 2 5 3 

365 6822819899020056898 2 6
6 2 0 3 5 8 
6 0 2 5 3 8 

480 13175128951717213999 2 4
6 7 5 8 
7 6 5 8 

99 9894756439179467589 2 4
5 6 1 0 
6 5 1 0 

356 3813339914155751801 2 4
2 6 5 8 
6 2 5 8 

226 3342477976663749084 2 4
5 6 1 7 
6 5 1 7 

483 2614176322960761448 1 6
6 5 8 1 0 7 

402 11131033429303503690 2 4
1 7 4 8 
1 7 8 4 

275 4032731157334490680 2 4
1 0 4 8 
1 0 8 4 

449 7068350568546312074 2 4
6 8 7 0 
8 6 7 0 

322 16878537973128809433 2 3
1 6 8 
1 8 6 

213 13235078257298696419 2 5
4 6 0 7 2 
6 4 0 7 2 

470 1706962547330363475 1 6
6 8 4 1 2 7 

340 15788296390065924748 4 4
2 6 4 8 
2 6 8 4 
6 2 4 8 
6 2 8 4 

83 15688055407938374252 2 4
4 6 1 0 
6 4 1 0 

86 6010956492529439106 2 4
4 6 1 2 
6 4 1 2 

343 11541198209281038021 1 6
6 8 4 1 0 2 

307 775146498993194271 1 5
1 0 4 5 8 

50 6469087703101198929 2 3
1 4 5 
1 5 4 

277 1696630684136567360 4 4
4 8 0 2 
4 8 2 0 
8 4 2 0 
8 4 0 2 

401 7862653612241106650 4 4
0 7 4 8 
0 7 8 4 
7 0 4 8 
7 0 8 4 

274 8122166269651413569 2 3
1 4 8 
1 8 4 

448 14686996007855031266 6 3
6 7 8 
6 8 7 
7 6 8 
7 8 6 
8 7 6 
8 6 7 

191 6839035583358749778 1 7
5 4 3 1 0 2 7 

169 9130769892073462983 4 4
0 7 5 3 
0 7 3 5 
7 0 5 3 
7 0 3 5 

426 10127687484947807082 2 5
1 7 5 3 8 
1 7 3 5 8 

101 3192945947199322818 2 4
5 6 2 0 
6 5 2 0 

358 16042214128076871829 1 5
6 1 2 5 8 

228 6116964491464922263 2 4
5 6 7 2 
6 5 7 2 

485 13168397212600516111 1 6
6 5 8 7 0 2 

241 1981257950660978581 4 5
6 4 5 7 0 
6 5 4 0 7 
6 0 7 5 4 
6 7 0 4 5 

498 2942352561264928677 1 6
6 1 7 5 8 4 

114 15003211281852118363 1 4
1 6 5 4 

371 5092297541909051310 1 6
6 1 0 5 8 4 

105 3192945947199322818 2 4
0 6 3 5 
6 0 3 5 

362 9173091042897805909 2 5
1 6 5 3 8 
1 6 3 5 8 

232 5347846049986994043 2 4
6 7 5 3 
7 6 5 3 

489 4833187453444985323 1 6
6 7 0 5 8 3 

85 5347846049986994043 2 4
4 6 0 2 
6 4 0 2 

342 8301285222826704761 1 5
6 1 2 8 4 

217 7313565471164802684 1 5
6 0 7 4 3 

474 5473105527823801530 1 6
6 1 7 8 3 4 

90 18249184623389640740 1 4
1 6 3 4 

347 3170464165754767457 1 6
6 1 0 8 3 4 

89 6116964491464922263 2 4
0 6 4 3 
6 0 4 3 

346 905347618088693420 1 5
1 6 8 3 4 

74 16878537973128809433 2 3
1 3 6 
1 6 3 

331 16042214128076871829 1 5
6 1 0 3 8 

201 271497631399370730 2 4
3 6 0 7 
6 3 0 7 

458 6194021366196487674 1 5
6 1 7 8 3 

116 271497631399370730 2 4
2 6 5 4 
6 2 5 4 

373 5721559912172476199 1 6
6 0 2 4 5 8 

43 16608485774341471729 2 4
1 0 3 5 
1 0 5 3 

170 10615040833558440178 2 4
1 7 5 3 
1 7 3 5 

427 956038906445712618 2 6
1 0 7 5 3 8 
1 0 7 3 5 8 

51 15111556711999436041 2 4
1 0 4 5 
1 0 5 4 

178 5303714203246351173 2 4
1 7 5 4 
1 7 4 5 

435 10909243547223201114 1 6
1 0 7 4 5 8 

98 16878537973128809433 2 3
1 5 6 
1 6 5 

355 7503906928833025299 2 5
6 1 0 5 8 
6 1 0 8 5 

225 16693334401432495703 2 4
5 6 7 0 
6 5 7 0 

482 6589330247056864745 1 5
6 1 7 5 8 

82 17437242360723950705 2 3
1 4 6 
1 6 4 

339 16597212099549555134 1 5
6 1 0 8 4 

209 16693334401432495703 2 4
4 6 0 7 
6 4 0 7 

466 4138409709901978075 1 5
6 1 7 8 4 

171 9567079620008734317 2 5
3 5 1 0 7 
5 3 1 0 7 

298 4688301168030503973 2 4
1 3 5 8 
1 5 3 8 

177 4279494101406257189 8 4
0 7 5 4 
0 7 4 5 
4 5 0 7 
4 5 7 0 
5 4 0 7 
5 4 7 0 
7 0 5 4 
7 0 4 5 

434 5181330023252066792 1 5
1 7 4 5 8 

227 2781222958024168759 2 5
5 6 1 0 7 
6 5 1 0 7 

484 1156293654226367363 1 5
6 7 2 5 8 

100 11878121665115635741 6 3
2 5 6 
2 6 5 
5 2 6 
5 6 2 
6 5 2 
6 2 5 

357 8227734708250618605 1 5
6 2 0 5 8 

354 7652891985569407875 2 4
1 6 5 8 
1 6 8 5 

179 1741165119241392827 2 5
4 5 1 0 7 
5 4 1 0 7 

306 144565336187541495 1 4
1 4 5 8 

464 4871135827003629875 2 4
6 7 8 4 
7 6 8 4 

207 5244429833398146095 2 6
3 6 1 0 2 7 
6 3 1 0 2 7 

337 16526714332724407648 2 4
0 6 4 8 
6 0 4 8 

210 9088923222668516522 2 4
4 6 1 7 
6 4 1 7 

467 13422288949729705835 1 6
6 8 4 1 0 7 

113 16693334401432495703 2 4
0 6 4 5 
6 0 4 5 

370 7718722975268508637 1 5
1 6 5 8 4 

240 16693334401432495703 2 4
6 7 5 4 
7 6 5 4 

497 12696959990474293737 1 6
6 7 0 4 5 8 

450 15487463715417032935 2 4
6 8 1 7 
8 6 1 7 

323 9894756439179467589 2 4
6 8 1 0 
8 6 1 0 

229 3764897902576552949 2 5
5 6 7 0 2 
6 5 7 0 2 

486 6576182784297154642 1 6
6 5 8 1 2 7 

102 3372491288688546875 2 4
5 6 1 2 
6 5 1 2 

359 5973219547285054994 1 6
6 5 8 1 2 0 

456 3935735532786453971 2 4
6 7 8 3 
7 6 8 3 

75 3372491288688546875 2 4
3 6 1 0 
6 3 1 0 

202 3064163229993028037 2 4
3 6 1 7 
6 3 1 7 

459 2217248752673329929 1 6
6 8 3 1 0 7 

329 3813339914155751801 2 4
0 6 3 8 
6 0 3 8 

279 1204218265230516248 4 5
4 8 1 0 2 
4 8 1 2 0 
8 4 1 2 0 
8 4 1 0 2 

361 9205612377817434883 2 5
0 6 3 5 8 
6 0 3 5 8 

286 5584106331192016169 2 5
1 2 4 8 3 
1 2 8 4 3 

285 8080776078403977676 4 5
0 2 4 8 3 
0 2 8 4 3 
2 0 4 8 3 
2 0 8 4 3 

327 7896113077312279834 4 5
6 8 1 0 2 
6 8 1 2 0 
8 6 1 2 0 
8 6 1 0 2 

333 8227734708250618605 1 5
6 0 2 3 8 

341 11760566719832853655 1 5
6 4 8 0 2 

369 7785780060032092120 2 5
0 6 4 5 8 
6 0 4 5 8 

345 12946638372118355742 2 5
0 6 4 8 3 
6 0 4 8 3 

425 13258124863412298828 4 5
0 7 5 3 8 
0 7 3 5 8 
7 0 5 3 8 
7 0 3 5 8 

410 6207733213027632273 2 5
1 7 4 8 3 
1 7 8 4 3 

433 11204029418343651827 2 5
0 7 4 5 8 
7 0 4 5 8 

406 8461433716023826898 2 5
4 8 1 2 7 
8 4 1 2 7 

405 1059515078371746544 2 5
4 8 0 7 2 
8 4 0 7 2 

409 16809119365246294494 4 5
0 7 4 8 3 
0 7 8 4 3 
7 0 4 8 3 
7 0 8 4 3 

403 16485196026252214995 2 5
4 8 1 0 7 
8 4 1 0 7 

453 13795759197430526188 2 5
6 8 7 0 2 
8 6 7 0 2 

457 7099020189268173210 1 5
6 7 0 8 3 

454 1320213253369815156 2 5
6 8 1 2 7 
8 6 1 2 7 

451 11748570015480265719 2 5
6 8 1 0 7 
8 6 1 0 7 

488 10912735770433531476 2 5
6 7 5 8 3 
7 6 5 8 3 

231 7834229971855897534 2 6
5 6 1 0 2 7 
6 5 1 0 2 7 

465 347200736953765074 1 5
6 0 7 4 8 

496 12210103978952004699 2 5
6 7 5 4 8 
7 6 5 4 8 

239 9530969969361616908 1 7
6 5 3 1 0 2 7 

472 11283998569740513247 2 5
6 7 8 4 3 
7 6 8 4 3 

215 2136887720011105429 2 6
4 6 1 0 2 7 
6 4 1 0 2 7 

123 12296054355316181759 1 6
6 1 0 5 3 4 

380 2735610423855666505 2 6
2 6 4 5 8 3 
6 2 4 5 8 3 

125 18232922615339864956 1 6
6 0 2 4 5 3 

126 12609547364512267343 1 6
6 1 2 5 3 4 

119 16768072978193606502 1 6
6 5 4 1 0 2 

95 6160317189622770196 1 6
6 3 4 1 0 2 

187 13292404241230517180 1 6
1 0 7 5 4 3 

63 3863146090803185391 2 6
1 0 2 5 4 3 
1 2 0 5 4 3 

183 16064170876301707263 2 6
4 5 1 0 2 7 
5 4 1 0 2 7 

175 14535955023851405136 2 6
3 5 1 0 2 7 
5 3 1 0 2 7 

111 9508629741936427165 2 6
6 3 5 1 2 0 
6 5 3 1 0 2 

189 10024533083409926316 2 6
0 7 2 5 4 3 
5 4 3 0 7 2 

190 10163804130317889399 1 6
1 2 7 5 4 3 

237 18232922615339864956 1 6
6 5 3 7 0 2 

235 11499528813096827097 1 6
6 5 3 1 0 7 

492 2636651590166253384 1 6
6 7 2 5 8 3 

238 4324735346342497744 1 6
6 5 3 1 2 7 

245 6016704500668497753 1 6
6 5 4 0 7 2 

243 3259358272998182022 1 6
6 5 4 1 0 7 

500 11054752038061343637 1 6
6 7 2 5 4 8 

246 4613753282808542254 1 6
6 5 4 1 2 7 

249 6016704500668497753 1 6
6 0 7 5 4 3 

219 7833213334224596992 1 6
6 3 4 1 0 7 

476 9507395948737181152 1 6
6 7 2 8 4 3 

252 4739618398631307999 1 6
6 7 2 5 4 3 

221 4739618398631307999 1 6
6 4 3 0 7 2 

250 18158322572663580013 1 6
6 1 7 5 3 4 

222 9607838810809331795 1 6
6 3 4 1 2 7 

317 15460407887234491682 2 6
0 2 4 5 8 3 
2 0 4 5 8 3 

287 6284883492682767878 4 6
1 0 2 4 8 3 
1 0 2 8 4 3 
1 2 0 4 8 3 
1 2 0 8 4 3 

377 18103769678107281651 2 6
0 6 4 5 8 3 
6 0 4 5 8 3 

349 7024513855907662029 1 6
6 0 2 4 8 3 

437 12326177029662468779 1 6
4 5 8 0 7 2 

429 15417149844067717780 2 6
0 7 2 5 3 8 
0 7 2 3 5 8 

413 5348225079840386895 2 6
0 7 2 4 8 3 
0 7 2 8 4 3 

441 12224771068733158468 2 6
0 7 4 5 8 3 
7 0 4 5 8 3 

407 5300398710633612490 2 6
4 8 1 0 2 7 
8 4 1 0 2 7 

411 5086686051799046591 2 6
1 0 7 4 8 3 
1 0 7 8 4 3 

414 11242461402779593654 2 6
1 2 7 4 8 3 
1 2 7 8 4 3 

455 9320874021179181880 2 6
6 8 1 0 2 7 
8 6 1 0 2 7 

461 4643528059724954724 1 6
6 8 3 7 0 2 

469 5147022067309628973 1 6
6 4 8 0 7 2 

473 9451599454812291293 1 6
6 0 7 4 8 3 

504 3518904267117554401 2 6
6 7 5 4 8 3 
7 6 5 4 8 3 

247 14037793734907761032 1 7
6 5 4 1 0 2 7 

127 11444482003486475734 1 7
6 1 0 2 5 3 4 

