DB[0,0,0,0,0,0,0,0,0]*(-a4+d-a8-2*a5-a6-a3)
DB[0,0,0,1,0,-1,0,0,0]*(-a3)
DB[0,0,0,1,0,0,0,0,0]*(s*a3-a3*mt2)
DB[0,0,0,0,0,-1,0,0,1]*(-a8)
DB[0,0,0,0,1,-1,0,0,0]*(-a4)
DB[0,0,0,0,1,0,0,0,0]*(-a4*mt2)
DB[0,0,0,0,0,-1,1,0,0]*(-a6)
DB[-1,0,0,0,0,0,1,0,0]*(a6)

DB[0,0,0,0,0,0,0,0,0]*(-a7+d-a1-a2-a6-2*a0)
DB[-1,1,0,0,0,0,0,0,0]*(-a1)
DB[0,0,0,0,0,0,0,1,0]*(-a7*mt2)
DB[0,1,0,0,0,0,0,0,0]*(-a1*mt2)
DB[-1,0,1,0,0,0,0,0,0]*(-a2)
DB[-1,0,0,0,0,0,0,1,0]*(-a7)
DB[0,0,1,0,0,0,0,0,0]*(a2*s-a2*mt2)
DB[-1,0,0,0,0,0,1,0,0]*(-a6)
DB[0,0,0,0,0,-1,1,0,0]*(a6)

DB[1,0,-1,0,0,0,0,0,0]*(-a0)
DB[1,0,0,0,0,0,0,-1,0]*(a0)
DB[1,0,0,0,0,0,0,0,0]*(s*a0)
DB[0,1,-1,0,0,0,0,0,0]*(-a1)
DB[0,1,0,0,0,0,0,-1,0]*(a1)
DB[0,1,0,0,0,0,0,0,0]*(a1*mt2-a1*t)
DB[0,0,0,0,0,0,0,0,0]*(a7-a2)
DB[0,0,1,0,0,0,0,-1,0]*(a2)
DB[0,0,-1,0,0,0,1,0,0]*(-a6)
DB[0,0,0,-1,0,0,1,0,0]*(a6)
DB[0,0,0,0,-1,0,1,0,0]*(-a6)
DB[0,0,0,0,0,0,1,-1,0]*(a6)
DB[0,0,-1,0,0,0,0,1,0]*(-a7)

DB[0,0,0,0,0,0,0,0,0]*(-a4+a3)
DB[0,0,0,1,-1,0,0,0,0]*(-a3)
DB[0,0,0,-1,1,0,0,0,0]*(a4)
DB[0,0,0,0,0,0,0,0,1]*(t*a8-a8*mt2)
DB[0,0,0,-1,0,1,0,0,0]*(a5)
DB[0,0,0,0,-1,1,0,0,0]*(-a5)
DB[0,0,0,0,0,1,0,0,0]*(-a5*s)
DB[0,0,-1,0,0,0,1,0,0]*(-a6)
DB[0,0,0,-1,0,0,1,0,0]*(a6)
DB[0,0,0,0,-1,0,1,0,0]*(-a6)
DB[0,0,0,0,0,0,1,-1,0]*(a6)
DB[0,0,0,-1,0,0,0,0,1]*(a8)
DB[0,0,0,0,-1,0,0,0,1]*(-a8)

DB[0,0,0,1,0,-1,0,0,0]*(a3)
DB[0,0,0,1,0,0,0,0,-1]*(-a3)
DB[0,0,0,1,0,0,0,0,0]*(-s*a3+a3*mt2)
DB[0,0,0,0,1,-1,0,0,0]*(a4)
DB[0,0,0,0,1,0,0,0,-1]*(-a4)
DB[0,0,0,0,1,0,0,0,0]*(a4*t)
DB[0,0,0,0,0,0,0,0,0]*(-a8+a5)
DB[0,0,0,0,0,1,0,0,-1]*(-a5)
DB[-1,0,0,0,0,0,1,0,0]*(-a6)
DB[0,-1,0,0,0,0,1,0,0]*(a6)
DB[0,0,0,0,0,-1,1,0,0]*(a6)
DB[0,0,0,0,0,0,1,0,-1]*(-a6)
DB[0,0,0,0,0,0,1,0,0]*(a6*mt2)
DB[0,0,0,0,0,-1,0,0,1]*(a8)

DB[0,0,0,0,0,0,0,0,0]*(a8-a3)
DB[0,0,0,1,0,0,0,0,-1]*(a3)
DB[0,0,0,-1,1,0,0,0,0]*(-a4)
DB[0,0,0,0,1,0,0,0,-1]*(a4)
DB[0,0,0,0,1,0,0,0,0]*(a4*mt2-a4*t)
DB[0,0,0,-1,0,1,0,0,0]*(-a5)
DB[0,0,0,0,0,1,0,0,-1]*(a5)
DB[0,0,0,0,0,1,0,0,0]*(-a5*mt2+a5*s)
DB[0,-1,0,0,0,0,1,0,0]*(-a6)
DB[0,0,-1,0,0,0,1,0,0]*(a6)
DB[0,0,0,-1,0,0,1,0,0]*(-a6)
DB[0,0,0,0,0,0,1,0,-1]*(a6)
DB[0,0,0,0,0,0,1,0,0]*(-a6*mt2)
DB[0,0,0,-1,0,0,0,0,1]*(-a8)

DB[0,0,0,0,0,0,0,0,0]*(-a6+a0)
DB[1,0,0,0,0,-1,0,0,0]*(a0)
DB[1,0,0,0,0,0,-1,0,0]*(-a0)
DB[-1,1,0,0,0,0,0,0,0]*(a1)
DB[0,1,0,0,0,0,-1,0,0]*(-a1)
DB[0,1,0,0,0,0,0,0,-1]*(a1)
DB[-1,0,1,0,0,0,0,0,0]*(a2)
DB[0,0,1,-1,0,0,0,0,0]*(a2)
DB[0,0,1,0,0,0,-1,0,0]*(-a2)
DB[0,0,1,0,0,0,0,0,0]*(-a2*s+a2*mt2)
DB[-1,0,0,0,0,0,1,0,0]*(a6)
DB[0,0,0,0,0,-1,1,0,0]*(-a6)
DB[0,0,0,0,0,0,0,1,0]*(a7*mt2)
DB[-1,0,0,0,0,0,0,1,0]*(a7)
DB[0,0,0,0,-1,0,0,1,0]*(a7)
DB[0,0,0,0,0,0,-1,1,0]*(-a7)

DB[0,0,0,0,0,0,0,0,0]*(a1-a0)
DB[1,-1,0,0,0,0,0,0,0]*(a0)
DB[1,0,0,0,0,0,0,0,0]*(mt2*a0)
DB[-1,1,0,0,0,0,0,0,0]*(-a1)
DB[0,0,0,0,0,0,0,1,0]*(-a7*t+a7*mt2)
DB[0,1,0,0,0,0,0,0,0]*(a1*mt2)
DB[-1,0,1,0,0,0,0,0,0]*(-a2)
DB[0,-1,1,0,0,0,0,0,0]*(a2)
DB[0,0,1,0,0,0,0,0,0]*(a2*s)
DB[-1,0,0,0,0,0,1,0,0]*(-a6)
DB[0,-1,0,0,0,0,1,0,0]*(a6)
DB[0,0,0,0,0,-1,1,0,0]*(a6)
DB[0,0,0,0,0,0,1,0,-1]*(-a6)
DB[0,0,0,0,0,0,1,0,0]*(a6*mt2)
DB[-1,0,0,0,0,0,0,1,0]*(-a7)
DB[0,-1,0,0,0,0,0,1,0]*(a7)

DB[1,-1,0,0,0,0,0,0,0]*(-a0)
DB[1,0,-1,0,0,0,0,0,0]*(a0)
DB[1,0,0,0,0,0,0,0,0]*(-s*a0)
DB[0,0,0,0,0,0,0,0,0]*(-a1+a2)
DB[0,1,-1,0,0,0,0,0,0]*(a1)
DB[0,1,0,0,0,0,0,0,0]*(-a1*mt2)
DB[0,-1,1,0,0,0,0,0,0]*(-a2)
DB[0,0,0,0,0,0,0,1,0]*(a7*t-2*a7*mt2)
DB[0,0,1,0,0,0,0,0,0]*(-a2*mt2)
DB[0,-1,0,0,0,0,1,0,0]*(-a6)
DB[0,0,-1,0,0,0,1,0,0]*(a6)
DB[0,0,0,-1,0,0,1,0,0]*(-a6)
DB[0,0,0,0,0,0,1,0,-1]*(a6)
DB[0,0,0,0,0,0,1,0,0]*(-a6*mt2)
DB[0,-1,0,0,0,0,0,1,0]*(-a7)
DB[0,0,-1,0,0,0,0,1,0]*(a7)

DB[0,0,-1,1,0,0,0,0,0]*(a3)
DB[0,0,0,1,0,-1,0,0,0]*(a3)
DB[0,0,0,1,0,0,-1,0,0]*(-a3)
DB[0,0,0,1,0,0,0,0,0]*(-s*a3+a3*mt2)
DB[0,0,0,0,1,-1,0,0,0]*(a4)
DB[0,0,0,0,1,0,-1,0,0]*(-a4)
DB[0,0,0,0,1,0,0,-1,0]*(a4)
DB[0,0,0,0,1,0,0,0,0]*(a4*mt2)
DB[-1,0,0,0,0,1,0,0,0]*(a5)
DB[0,0,0,0,0,0,0,0,0]*(a5-a6)
DB[0,0,0,0,0,1,-1,0,0]*(-a5)
DB[-1,0,0,0,0,0,1,0,0]*(-a6)
DB[0,0,0,0,0,-1,1,0,0]*(a6)
DB[0,0,0,0,0,0,0,0,1]*(a8*mt2)
DB[0,-1,0,0,0,0,0,0,1]*(a8)
DB[0,0,0,0,0,-1,0,0,1]*(a8)
DB[0,0,0,0,0,0,-1,0,1]*(-a8)

