DB[-1,1,0,0,0,0,0,0,0]*(-a1*mt2+a1*s)
DB[0,0,0,0,0,0,0,0,0]*(a2*s-a8*s+a1*mt2-a2*mt2+a8*mt2+s*a3-a3*mt2-a1*s)
DB[0,1,0,0,0,0,0,0,0]*(a1*mt2^2-a1*s*mt2)
DB[-1,0,1,0,0,0,0,0,0]*(a2*s-a2*mt2)
DB[0,-1,1,0,0,0,0,0,0]*(-2*a2*s+2*a2*mt2)
DB[0,0,1,0,0,0,0,0,0]*(-a2*s^2+a2*mt2^2)
DB[0,0,0,1,0,-1,0,0,0]*(s*a3-a3*mt2)
DB[0,0,0,1,0,0,0,0,-1]*(-2*s*a3+2*a3*mt2)
DB[0,0,0,1,0,0,0,0,0]*(2*s*a3*mt2-s^2*a3-a3*mt2^2)
DB[0,0,0,0,1,-1,0,0,0]*(-2*a4*mt2+a4*s+a4*t)
DB[0,0,0,0,1,0,0,0,-1]*(2*a4*mt2-a4*s)
DB[0,0,0,0,1,0,0,0,0]*(-a4*t*mt2+a4*t*s)
DB[-1,0,0,0,0,0,0,1,0]*(a7*t+a7*s-2*a7*mt2)
DB[0,-1,0,0,0,0,0,1,0]*(-a7*s+2*a7*mt2)
DB[0,0,0,0,0,0,0,1,0]*(-a7*s*mt2+a7*t*s+2*a7*mt2^2-a7*t*mt2)
DB[0,0,0,0,0,-1,0,0,1]*(a8*s-a8*mt2)
DB[0,0,0,-1,1,0,0,0,0]*(-a4*t)
DB[0,0,-1,0,0,0,0,1,0]*(-a7*t)

DB[0,0,0,0,0,0,0,0,0]*(a7*t-2*a4*mt2-a8*s+a1*mt2+a7*s-t*a8-a1*t+a4*s+a2*mt2+a8*mt2+a3*mt2-2*a7*mt2+a4*t-a1*s)
DB[0,1,-1,0,0,0,0,0,0]*(a1*t)
DB[0,1,0,0,0,0,0,0,0]*(-a1*t*s)
DB[0,0,0,1,0,0,0,0,-1]*(-s*a3)
DB[0,1,0,0,0,0,0,-1,0]*(-a1*mt2+a1*s)
DB[0,0,1,0,0,0,0,0,0]*(-a2*s*mt2)
DB[0,-1,1,0,0,0,0,0,0]*(-a2*s)
DB[0,0,-1,0,0,0,0,1,0]*(-a7*t+2*a7*mt2)
DB[0,0,0,0,0,0,0,0,1]*(a8*s*mt2+t*a8*mt2-a8*mt2^2-t*a8*s)
DB[0,0,0,-1,1,0,0,0,0]*(2*a4*mt2-a4*t)
DB[0,0,1,0,0,0,0,-1,0]*(a2*s-a2*mt2)
DB[0,0,0,0,0,0,0,1,0]*(-2*a7*s*mt2+a7*t*s)
DB[0,0,0,-1,0,0,0,0,1]*(t*a8)
DB[0,0,0,0,-1,0,0,0,1]*(a8*s-a8*mt2)
DB[0,0,0,1,-1,0,0,0,0]*(s*a3-a3*mt2)
DB[0,0,0,0,1,0,0,0,0]*(-a4*s*mt2+a4*t*s)
DB[0,0,0,0,1,0,0,0,-1]*(-a4*s)
DB[0,-1,0,0,0,0,0,1,0]*(-a7*s)

DB[-1,1,0,0,0,0,0,0,0]*(a1*mt2-a1*t-a1*s)
DB[0,0,0,0,0,0,0,0,0]*(-a7*t-a2*s+a8*s-a1*mt2+t*a8+a1*t+a2*mt2-a8*mt2-s*a3+a3*mt2-a4*t+a1*s)
DB[0,1,0,0,0,0,0,0,0]*(-a1*mt2^2+a1*s*mt2+a1*t*mt2)
DB[-1,0,1,0,0,0,0,0,0]*(-a2*s)
DB[0,-1,1,0,0,0,0,0,0]*(a2*s)
DB[0,0,1,0,0,0,0,0,0]*(a2*s^2)
DB[0,0,0,1,0,-1,0,0,0]*(-s*a3)
DB[0,0,0,1,0,0,0,0,-1]*(s*a3)
DB[0,0,0,1,0,0,0,0,0]*(-s*a3*mt2+s^2*a3)
DB[0,0,0,0,1,-1,0,0,0]*(-a4*s)
DB[0,0,0,0,1,0,0,0,-1]*(a4*s)
DB[0,0,0,0,1,0,0,0,0]*(-a4*t*s)
DB[-1,0,0,0,0,0,0,1,0]*(-a7*s)
DB[0,-1,0,0,0,0,0,1,0]*(a7*s)
DB[0,0,0,0,0,0,0,1,0]*(a7*s*mt2-a7*t*s)
DB[0,0,0,0,0,-1,0,0,1]*(-a8*s-t*a8+a8*mt2)
DB[0,0,-1,0,0,0,0,1,0]*(a7*t)
DB[0,0,1,0,0,0,0,-1,0]*(a2*s-a2*mt2)
DB[0,0,0,1,-1,0,0,0,0]*(s*a3-a3*mt2)
DB[0,0,0,-1,1,0,0,0,0]*(a4*t)

