0
0 42
0 42
1 0 0 0 0 0 0 0 0 0 
0 1 0 0 0 0 0 0 0 0 
0 0 1 0 0 0 0 0 0 0 
0 0 0 0 0 1 0 0 0 0 
0 0 0 1 -1 1 0 0 0 -s 
0 0 0 1 0 0 0 0 0 0 
1 0 1 1 0 1 -1 0 0 -s+mt2 
0 0 0 0 0 0 0 1 0 0 
0 0 0 1 0 1 0 0 -1 -s+mt2 

0
0 43
0 43
1 0 0 0 0 0 0 0 0 0 
0 1 0 0 0 0 0 0 0 0 
0 0 1 0 0 0 0 0 0 0 
0 0 0 0 0 1 0 0 0 0 
0 0 0 1 -1 1 0 0 0 -s 
0 0 0 1 0 0 0 0 0 0 
1 0 1 1 0 1 -1 0 0 -s+mt2 
0 0 0 0 0 0 0 1 0 0 
0 0 0 1 0 1 0 0 -1 -s+mt2 

0
0 45
0 45
1 0 0 0 0 0 0 0 0 0 
0 1 0 0 0 0 0 0 0 0 
0 0 1 0 0 0 0 0 0 0 
0 0 0 0 0 1 0 0 0 0 
0 0 0 1 -1 1 0 0 0 -s 
0 0 0 1 0 0 0 0 0 0 
1 0 1 1 0 1 -1 0 0 -s+mt2 
0 0 0 0 0 0 0 1 0 0 
0 0 0 1 0 1 0 0 -1 -s+mt2 

0
0 45
0 45
0 0 1 0 0 0 0 0 0 0 
1 -1 1 0 0 0 0 0 0 -s-mt2 
1 0 0 0 0 0 0 0 0 0 
0 0 0 1 0 0 0 0 0 0 
0 0 0 0 1 0 0 0 0 0 
0 0 0 0 0 1 0 0 0 0 
1 0 1 1 0 1 -1 0 0 -s+mt2 
1 0 1 0 0 0 0 -1 0 -s 
0 0 0 0 0 0 0 0 1 0 

0
0 45
0 45
0 0 1 0 0 0 0 0 0 0 
1 -1 1 0 0 0 0 0 0 -s-mt2 
1 0 0 0 0 0 0 0 0 0 
0 0 0 0 0 1 0 0 0 0 
0 0 0 1 -1 1 0 0 0 -s 
0 0 0 1 0 0 0 0 0 0 
0 0 0 0 0 0 1 0 0 0 
1 0 1 0 0 0 0 -1 0 -s 
0 0 0 1 0 1 0 0 -1 -s+mt2 

0
0 45
0 45
0 0 0 1 0 0 0 0 0 0 
0 0 0 1 0 1 0 0 -1 -s 
0 0 0 0 0 1 0 0 0 0 
1 0 0 0 0 0 0 0 0 0 
1 0 1 0 0 0 0 -1 0 -s 
0 0 1 0 0 0 0 0 0 0 
0 0 0 0 0 0 1 0 0 0 
0 0 0 1 -1 1 0 0 0 -s 
1 -1 1 0 0 0 0 0 0 -s 

0
0 45
0 45
0 0 0 1 0 0 0 0 0 0 
0 0 0 1 0 1 0 0 -1 -s 
0 0 0 0 0 1 0 0 0 0 
0 0 1 0 0 0 0 0 0 0 
0 0 0 0 0 0 0 1 0 0 
1 0 0 0 0 0 0 0 0 0 
1 0 1 1 0 1 -1 0 0 -s+mt2 
0 0 0 1 -1 1 0 0 0 -s 
0 1 0 0 0 0 0 0 0 mt2 

0
0 45
0 45
0 0 0 0 0 1 0 0 0 0 
0 0 0 0 0 0 0 0 1 -mt2 
0 0 0 1 0 0 0 0 0 0 
0 0 1 0 0 0 0 0 0 0 
0 0 0 0 0 0 0 1 0 0 
1 0 0 0 0 0 0 0 0 0 
0 0 0 0 0 0 1 0 0 0 
0 0 0 0 1 0 0 0 0 0 
0 1 0 0 0 0 0 0 0 mt2 

0
0 45
0 45
0 0 0 0 0 1 0 0 0 0 
0 0 0 0 0 0 0 0 1 -mt2 
0 0 0 1 0 0 0 0 0 0 
1 0 0 0 0 0 0 0 0 0 
1 0 1 0 0 0 0 -1 0 -s 
0 0 1 0 0 0 0 0 0 0 
1 0 1 1 0 1 -1 0 0 -s+mt2 
0 0 0 0 1 0 0 0 0 0 
1 -1 1 0 0 0 0 0 0 -s 

0
0 47
0 47
1 0 0 0 0 0 0 0 0 0 
0 1 0 0 0 0 0 0 0 0 
0 0 1 0 0 0 0 0 0 0 
0 0 0 0 0 1 0 0 0 0 
0 0 0 1 -1 1 0 0 0 -s 
0 0 0 1 0 0 0 0 0 0 
1 0 1 1 0 1 -1 0 0 -s+mt2 
0 0 0 0 0 0 0 1 0 0 
0 0 0 1 0 1 0 0 -1 -s+mt2 

1
0 47
0 47
0 0 1 0 0 0 0 0 0 0 
0 1 0 0 0 0 0 0 0 0 
1 0 0 0 0 0 0 0 0 0 
0 0 0 1 0 0 0 0 0 0 
0 0 0 0 1 0 0 0 0 0 
0 0 0 0 0 1 0 0 0 0 
0 0 0 0 1 0 0 0 0 0 
0 0 0 0 1 0 0 0 0 0 
0 0 0 0 1 0 0 0 0 0 

1
0 47
0 47
0 0 1 0 0 0 0 0 0 0 
0 1 0 0 0 0 0 0 0 0 
1 0 0 0 0 0 0 0 0 0 
0 0 0 0 0 1 0 0 0 0 
0 0 0 0 1 0 0 0 0 0 
0 0 0 1 0 0 0 0 0 0 
0 0 0 0 1 0 0 0 0 0 
0 0 0 0 1 0 0 0 0 0 
0 0 0 0 1 0 0 0 0 0 

0
0 50
0 50
1 0 0 0 0 0 0 0 0 0 
0 1 0 0 0 0 0 0 0 0 
0 0 1 0 0 0 0 0 0 0 
0 0 0 -1 1 1 0 0 0 s 
0 0 0 0 0 1 0 0 0 0 
0 0 0 0 1 0 0 0 0 0 
1 0 0 0 1 1 -1 1 0 mt2 
0 0 0 0 0 0 0 1 0 0 
0 0 0 0 1 1 0 0 -1 t 

0
0 51
0 51
1 0 0 0 0 0 0 0 0 0 
0 1 0 0 0 0 0 0 0 0 
0 0 1 0 0 0 0 0 0 0 
0 0 0 -1 1 1 0 0 0 s 
0 0 0 0 0 1 0 0 0 0 
0 0 0 0 1 0 0 0 0 0 
1 0 0 0 1 1 -1 1 0 mt2 
0 0 0 0 0 0 0 1 0 0 
0 0 0 0 1 1 0 0 -1 t 

0
0 53
0 53
0 0 1 0 0 0 0 0 0 0 
1 -1 1 0 0 0 0 0 0 -s-mt2 
1 0 0 0 0 0 0 0 0 0 
0 0 0 1 0 0 0 0 0 0 
0 0 0 0 1 0 0 0 0 0 
0 0 0 0 0 1 0 0 0 0 
1 0 1 1 0 1 -1 0 0 -s+mt2 
1 0 1 0 0 0 0 -1 0 -s 
0 0 0 0 0 0 0 0 1 0 

0
0 53
0 53
0 0 1 0 0 0 0 0 0 0 
1 -1 1 0 0 0 0 0 0 -s-mt2 
1 0 0 0 0 0 0 0 0 0 
0 0 0 -1 1 1 0 0 0 s 
0 0 0 0 0 1 0 0 0 0 
0 0 0 0 1 0 0 0 0 0 
0 0 1 -1 1 0 1 -1 0 0 
1 0 1 0 0 0 0 -1 0 -s 
0 0 0 0 1 1 0 0 -1 t 

0
0 53
0 53
1 0 0 0 0 0 0 0 0 0 
0 1 0 0 0 0 0 0 0 0 
0 0 1 0 0 0 0 0 0 0 
0 0 0 -1 1 1 0 0 0 s 
0 0 0 0 0 1 0 0 0 0 
0 0 0 0 1 0 0 0 0 0 
1 0 0 0 1 1 -1 1 0 mt2 
0 0 0 0 0 0 0 1 0 0 
0 0 0 0 1 1 0 0 -1 t 

0
0 55
0 55
1 0 0 0 0 0 0 0 0 0 
0 1 0 0 0 0 0 0 0 0 
0 0 1 0 0 0 0 0 0 0 
0 0 0 -1 1 1 0 0 0 s 
0 0 0 0 0 1 0 0 0 0 
0 0 0 0 1 0 0 0 0 0 
1 0 0 0 1 1 -1 1 0 mt2 
0 0 0 0 0 0 0 1 0 0 
0 0 0 0 1 1 0 0 -1 t 

1
0 55
0 55
0 0 1 0 0 0 0 0 0 0 
0 1 0 0 0 0 0 0 0 0 
1 0 0 0 0 0 0 0 0 0 
0 0 0 1 0 0 0 0 0 0 
0 0 0 0 1 0 0 0 0 0 
0 0 0 0 0 1 0 0 0 0 
0 0 0 1 0 0 0 0 0 0 
0 0 0 1 0 0 0 0 0 0 
0 0 0 1 0 0 0 0 0 0 

1
0 55
0 55
0 0 1 0 0 0 0 0 0 0 
0 1 0 0 0 0 0 0 0 0 
1 0 0 0 0 0 0 0 0 0 
0 0 0 1 0 0 0 0 0 0 
0 0 0 0 0 1 0 0 0 0 
0 0 0 0 1 0 0 0 0 0 
0 0 0 1 0 0 0 0 0 0 
0 0 0 1 0 0 0 0 0 0 
0 0 0 1 0 0 0 0 0 0 

0
0 61
0 61
0 0 1 0 0 0 0 0 0 0 
1 -1 1 0 0 0 0 0 0 -s-mt2 
1 0 0 0 0 0 0 0 0 0 
0 0 0 1 0 0 0 0 0 0 
0 0 0 0 1 0 0 0 0 0 
0 0 0 0 0 1 0 0 0 0 
1 0 1 1 0 1 -1 0 0 -s+mt2 
1 0 1 0 0 0 0 -1 0 -s 
0 0 0 0 0 0 0 0 1 0 

1
0 63
0 63
0 0 1 0 0 0 0 0 0 0 
0 1 0 0 0 0 0 0 0 0 
1 0 0 0 0 0 0 0 0 0 
0 0 0 1 0 0 0 0 0 0 
0 0 0 0 1 0 0 0 0 0 
0 0 0 0 0 1 0 0 0 0 
0 0 0 0 0 0 1 0 0 0 
0 0 0 0 0 0 1 0 0 0 
0 0 0 0 0 0 1 0 0 0 

0
0 81
0 81
1 0 0 0 0 0 0 0 0 0 
0 1 0 0 0 0 0 0 0 0 
0 0 1 0 0 0 0 0 0 0 
0 0 1 -1 1 0 1 -1 0 0 
0 0 0 0 0 0 1 0 0 0 
1 0 0 0 1 -1 1 -1 0 -mt2 
0 0 0 0 1 0 0 0 0 0 
0 0 0 0 0 0 0 1 0 0 
0 1 0 0 1 0 1 -1 -1 t 

0
0 81
0 81
0 0 0 0 1 0 0 0 0 0 
0 0 0 0 1 1 0 0 -1 t-mt2 
0 0 0 -1 1 1 0 0 0 s 
1 0 -1 0 0 0 0 1 0 s 
1 0 0 0 0 0 0 0 0 0 
0 0 0 0 0 0 0 1 0 0 
0 0 0 0 0 0 1 0 0 0 
0 0 0 0 0 1 0 0 0 0 
1 -1 0 0 0 0 0 1 0 t-mt2 

0
0 81
0 81
0 0 0 0 1 0 0 0 0 0 
0 0 0 0 1 1 0 0 -1 t-mt2 
0 0 0 -1 1 1 0 0 0 s 
0 0 1 -1 1 0 1 -1 0 0 
0 0 0 0 0 0 1 0 0 0 
1 0 0 0 1 -1 1 -1 0 -mt2 
1 0 0 0 0 0 0 0 0 0 
0 0 0 0 0 1 0 0 0 0 
0 1 0 0 1 0 1 -1 -1 t 

0
0 81
0 81
0 0 0 0 0 0 1 0 0 0 
1 -1 0 0 0 -1 1 0 1 -2*mt2 
1 0 -1 1 0 -1 1 0 0 s-mt2 
0 0 0 1 0 0 0 0 0 0 
0 0 0 0 1 0 0 0 0 0 
0 0 0 0 0 1 0 0 0 0 
1 0 0 0 0 0 0 0 0 0 
1 0 0 0 1 -1 1 -1 0 -mt2 
0 0 0 0 0 0 0 0 1 0 

0
0 81
0 81
0 0 0 0 0 0 1 0 0 0 
1 -1 0 0 0 -1 1 0 1 -2*mt2 
1 0 -1 1 0 -1 1 0 0 s-mt2 
1 0 -1 0 0 0 0 1 0 s 
1 0 0 0 0 0 0 0 0 0 
0 0 0 0 0 0 0 1 0 0 
0 0 0 0 1 0 0 0 0 0 
1 0 0 0 1 -1 1 -1 0 -mt2 
1 -1 0 0 0 0 0 1 0 t-mt2 

0
0 82
0 82
1 0 0 0 0 0 0 0 0 0 
0 1 0 0 0 0 0 0 0 0 
0 0 1 0 0 0 0 0 0 0 
0 0 1 -1 1 0 1 -1 0 0 
0 0 0 0 0 0 1 0 0 0 
1 0 0 0 1 -1 1 -1 0 -mt2 
0 0 0 0 1 0 0 0 0 0 
0 0 0 0 0 0 0 1 0 0 
0 1 0 0 1 0 1 -1 -1 t 

0
0 83
0 83
1 0 0 0 0 0 0 0 0 0 
0 1 0 0 0 0 0 0 0 0 
0 0 1 0 0 0 0 0 0 0 
0 0 1 -1 1 0 1 -1 0 0 
0 0 0 0 0 0 1 0 0 0 
1 0 0 0 1 -1 1 -1 0 -mt2 
0 0 0 0 1 0 0 0 0 0 
0 0 0 0 0 0 0 1 0 0 
0 1 0 0 1 0 1 -1 -1 t 

0
0 85
0 85
1 0 0 0 0 0 0 0 0 0 
0 1 0 0 0 0 0 0 0 0 
0 0 1 0 0 0 0 0 0 0 
0 0 1 -1 1 0 1 -1 0 0 
0 0 0 0 0 0 1 0 0 0 
1 0 0 0 1 -1 1 -1 0 -mt2 
0 0 0 0 1 0 0 0 0 0 
0 0 0 0 0 0 0 1 0 0 
0 1 0 0 1 0 1 -1 -1 t 

0
0 86
0 86
1 0 0 0 0 0 0 0 0 0 
0 1 0 0 0 0 0 0 0 0 
0 0 1 0 0 0 0 0 0 0 
0 0 1 -1 1 0 1 -1 0 0 
0 0 0 0 0 0 1 0 0 0 
1 0 0 0 1 -1 1 -1 0 -mt2 
0 0 0 0 1 0 0 0 0 0 
0 0 0 0 0 0 0 1 0 0 
0 1 0 0 1 0 1 -1 -1 t 

0
0 87
0 87
1 0 0 0 0 0 0 0 0 0 
0 1 0 0 0 0 0 0 0 0 
0 0 1 0 0 0 0 0 0 0 
0 0 1 -1 1 0 1 -1 0 0 
0 0 0 0 0 0 1 0 0 0 
1 0 0 0 1 -1 1 -1 0 -mt2 
0 0 0 0 1 0 0 0 0 0 
0 0 0 0 0 0 0 1 0 0 
0 1 0 0 1 0 1 -1 -1 t 

0
0 89
0 89
0 0 0 0 0 0 1 0 0 0 
1 -1 0 0 0 -1 1 0 1 -2*mt2 
1 0 -1 1 0 -1 1 0 0 s-mt2 
0 0 0 1 0 0 0 0 0 0 
0 0 0 0 1 0 0 0 0 0 
0 0 0 0 0 1 0 0 0 0 
1 0 0 0 0 0 0 0 0 0 
1 0 0 0 1 -1 1 -1 0 -mt2 
0 0 0 0 0 0 0 0 1 0 

0
0 98
0 98
1 0 0 0 0 0 0 0 0 0 
0 1 0 0 0 0 0 0 0 0 
0 0 1 0 0 0 0 0 0 0 
-1 0 1 -1 0 1 1 0 0 s-mt2 
-1 0 0 0 -1 1 1 1 0 -mt2 
0 0 0 0 0 0 1 0 0 0 
0 0 0 0 0 1 0 0 0 0 
0 0 0 0 0 0 0 1 0 0 
-1 1 0 0 0 1 1 0 -1 mt2 

0
0 99
0 99
1 0 0 0 0 0 0 0 0 0 
0 1 0 0 0 0 0 0 0 0 
0 0 1 0 0 0 0 0 0 0 
-1 0 1 -1 0 1 1 0 0 s-mt2 
-1 0 0 0 -1 1 1 1 0 -mt2 
0 0 0 0 0 0 1 0 0 0 
0 0 0 0 0 1 0 0 0 0 
0 0 0 0 0 0 0 1 0 0 
-1 1 0 0 0 1 1 0 -1 mt2 

0
0 100
0 100
1 0 0 0 0 0 0 0 0 0 
0 1 0 0 0 0 0 0 0 0 
0 0 1 0 0 0 0 0 0 0 
-1 0 1 -1 0 1 1 0 0 s-mt2 
-1 0 0 0 -1 1 1 1 0 -mt2 
0 0 0 0 0 0 1 0 0 0 
0 0 0 0 0 1 0 0 0 0 
0 0 0 0 0 0 0 1 0 0 
-1 1 0 0 0 1 1 0 -1 mt2 

0
0 100
0 100
0 0 0 1 0 0 0 0 0 0 
0 0 0 1 0 1 0 0 -1 -s 
0 0 0 0 0 1 0 0 0 0 
1 0 0 0 0 0 0 0 0 0 
1 0 1 0 0 0 0 -1 0 -s 
0 0 1 0 0 0 0 0 0 0 
0 0 0 0 0 0 1 0 0 0 
0 0 0 1 -1 1 0 0 0 -s 
1 -1 1 0 0 0 0 0 0 -s 

0
0 100
0 100
0 0 0 1 0 0 0 0 0 0 
0 0 0 1 0 1 0 0 -1 -s 
0 0 0 0 0 1 0 0 0 0 
-1 0 1 -1 0 1 1 0 0 s-mt2 
-1 0 0 0 -1 1 1 1 0 -mt2 
0 0 0 0 0 0 1 0 0 0 
0 0 1 0 0 0 0 0 0 0 
0 0 0 1 -1 1 0 0 0 -s 
-1 1 0 0 0 1 1 0 -1 mt2 

0
0 100
0 100
-1 0 1 -1 0 1 1 0 0 s-mt2 
0 -1 1 -1 0 0 1 0 1 -2*mt2 
0 0 0 0 0 0 1 0 0 0 
0 0 0 1 0 0 0 0 0 0 
0 0 0 0 1 0 0 0 0 0 
0 0 0 0 0 1 0 0 0 0 
0 0 1 0 0 0 0 0 0 0 
0 0 1 -1 1 0 1 -1 0 0 
0 0 0 0 0 0 0 0 1 0 

0
0 100
0 100
-1 0 1 -1 0 1 1 0 0 s-mt2 
0 -1 1 -1 0 0 1 0 1 -2*mt2 
0 0 0 0 0 0 1 0 0 0 
1 0 0 0 0 0 0 0 0 0 
1 0 1 0 0 0 0 -1 0 -s 
0 0 1 0 0 0 0 0 0 0 
0 0 0 0 0 1 0 0 0 0 
0 0 1 -1 1 0 1 -1 0 0 
1 -1 1 0 0 0 0 0 0 -s 

0
0 101
0 101
1 0 0 0 0 0 0 0 0 0 
0 1 0 0 0 0 0 0 0 0 
0 0 1 0 0 0 0 0 0 0 
-1 0 1 -1 0 1 1 0 0 s-mt2 
-1 0 0 0 -1 1 1 1 0 -mt2 
0 0 0 0 0 0 1 0 0 0 
0 0 0 0 0 1 0 0 0 0 
0 0 0 0 0 0 0 1 0 0 
-1 1 0 0 0 1 1 0 -1 mt2 

0
0 102
0 102
1 0 0 0 0 0 0 0 0 0 
0 1 0 0 0 0 0 0 0 0 
0 0 1 0 0 0 0 0 0 0 
-1 0 1 -1 0 1 1 0 0 s-mt2 
-1 0 0 0 -1 1 1 1 0 -mt2 
0 0 0 0 0 0 1 0 0 0 
0 0 0 0 0 1 0 0 0 0 
0 0 0 0 0 0 0 1 0 0 
-1 1 0 0 0 1 1 0 -1 mt2 

0
0 103
0 103
1 0 0 0 0 0 0 0 0 0 
0 1 0 0 0 0 0 0 0 0 
0 0 1 0 0 0 0 0 0 0 
-1 0 1 -1 0 1 1 0 0 s-mt2 
-1 0 0 0 -1 1 1 1 0 -mt2 
0 0 0 0 0 0 1 0 0 0 
0 0 0 0 0 1 0 0 0 0 
0 0 0 0 0 0 0 1 0 0 
-1 1 0 0 0 1 1 0 -1 mt2 

1
0 106
0 106
1 0 0 0 0 0 0 0 0 0 
0 1 0 0 0 0 0 0 0 0 
1 0 0 0 0 0 0 0 0 0 
0 0 0 0 0 1 0 0 0 0 
1 0 0 0 0 0 0 0 0 0 
0 0 0 1 0 0 0 0 0 0 
0 0 0 0 0 0 1 0 0 0 
1 0 0 0 0 0 0 0 0 0 
1 0 0 0 0 0 0 0 0 0 

0
0 109
0 109
0 0 0 0 0 1 0 0 0 0 
0 0 0 0 0 0 0 0 1 -mt2 
0 0 0 1 0 0 0 0 0 0 
0 0 1 0 0 0 0 0 0 0 
0 0 0 0 0 0 0 1 0 0 
1 0 0 0 0 0 0 0 0 0 
0 0 0 0 0 0 1 0 0 0 
0 0 0 0 1 0 0 0 0 0 
0 1 0 0 0 0 0 0 0 mt2 

0
0 109
0 109
0 0 0 1 0 0 0 0 0 0 
0 0 0 1 0 1 0 0 -1 -s 
0 0 0 0 0 1 0 0 0 0 
1 0 0 0 0 0 0 0 0 0 
1 0 1 0 0 0 0 -1 0 -s 
0 0 1 0 0 0 0 0 0 0 
0 0 0 0 0 0 1 0 0 0 
0 0 0 1 -1 1 0 0 0 -s 
1 -1 1 0 0 0 0 0 0 -s 

0
0 109
0 109
0 0 1 0 0 0 0 0 0 0 
1 -1 1 0 0 0 0 0 0 -s-mt2 
1 0 0 0 0 0 0 0 0 0 
0 0 0 0 0 1 0 0 0 0 
0 0 0 1 -1 1 0 0 0 -s 
0 0 0 1 0 0 0 0 0 0 
0 0 0 0 0 0 1 0 0 0 
1 0 1 0 0 0 0 -1 0 -s 
0 0 0 1 0 1 0 0 -1 -s+mt2 

1
0 111
0 111
0 0 1 0 0 0 0 0 0 0 
0 1 0 0 0 0 0 0 0 0 
1 0 0 0 0 0 0 0 0 0 
0 0 0 0 0 1 0 0 0 0 
0 0 0 0 1 0 0 0 0 0 
0 0 0 1 0 0 0 0 0 0 
0 0 0 0 0 0 1 0 0 0 
0 0 0 0 1 0 0 0 0 0 
0 0 0 0 1 0 0 0 0 0 

0
0 113
0 113
0 0 0 0 0 0 1 0 0 0 
1 -1 0 0 0 -1 1 0 1 -2*mt2 
1 0 -1 1 0 -1 1 0 0 s-mt2 
0 0 0 1 0 0 0 0 0 0 
0 0 0 0 1 0 0 0 0 0 
0 0 0 0 0 1 0 0 0 0 
1 0 0 0 0 0 0 0 0 0 
1 0 0 0 1 -1 1 -1 0 -mt2 
0 0 0 0 0 0 0 0 1 0 

0
0 116
0 116
-1 0 1 -1 0 1 1 0 0 s-mt2 
0 -1 1 -1 0 0 1 0 1 -2*mt2 
0 0 0 0 0 0 1 0 0 0 
0 0 0 1 0 0 0 0 0 0 
0 0 0 0 1 0 0 0 0 0 
0 0 0 0 0 1 0 0 0 0 
0 0 1 0 0 0 0 0 0 0 
0 0 1 -1 1 0 1 -1 0 0 
0 0 0 0 0 0 0 0 1 0 

0
0 121
0 121
0 0 0 0 0 0 1 0 0 0 
1 -1 0 0 0 -1 1 0 1 -2*mt2 
1 0 -1 1 0 -1 1 0 0 s-mt2 
0 0 0 1 0 0 0 0 0 0 
0 0 0 0 1 0 0 0 0 0 
0 0 0 0 0 1 0 0 0 0 
1 0 0 0 0 0 0 0 0 0 
1 0 0 0 1 -1 1 -1 0 -mt2 
0 0 0 0 0 0 0 0 1 0 

0
0 124
0 124
-1 0 1 -1 0 1 1 0 0 s-mt2 
0 -1 1 -1 0 0 1 0 1 -2*mt2 
0 0 0 0 0 0 1 0 0 0 
0 0 0 1 0 0 0 0 0 0 
0 0 0 0 1 0 0 0 0 0 
0 0 0 0 0 1 0 0 0 0 
0 0 1 0 0 0 0 0 0 0 
0 0 1 -1 1 0 1 -1 0 0 
0 0 0 0 0 0 0 0 1 0 

