496 2652317436633826873 2 5
5 6 4 8 7 
6 5 4 8 7 

484 6517635180089560212 1 5
2 6 5 7 8 

482 16857349681428173301 2 5
7 8 5 6 1 
8 7 5 6 1 

488 9039863126756601157 2 5
5 6 3 8 7 
6 5 3 8 7 

481 1246541761831140923 2 5
7 8 6 0 5 
8 7 6 0 5 

457 247439314439542177 2 5
0 6 3 8 7 
6 0 3 8 7 

451 7580315136950562580 2 5
7 8 0 1 6 
8 7 0 1 6 

465 7173982509139164103 2 5
0 6 4 8 7 
6 0 4 8 7 

425 12666982771163524040 2 5
0 5 3 8 7 
5 0 3 8 7 

419 13171245004994891342 2 5
7 8 1 0 5 
8 7 1 0 5 

433 2917682518223620370 2 5
0 5 4 8 7 
5 0 4 8 7 

397 16362566789983136808 2 5
0 2 7 3 8 
2 0 7 3 8 

405 11440343067207043994 2 5
0 2 7 4 8 
2 0 7 4 8 

403 8630262196480299956 2 5
0 1 4 8 7 
1 0 4 8 7 

395 3104919319953264584 2 5
0 1 3 8 7 
1 0 3 8 7 

364 1057901811517628462 1 5
2 3 8 5 6 

358 2637151986841745258 2 5
2 8 1 5 6 
8 2 1 5 6 

357 12582743961015145339 2 5
2 8 0 6 5 
8 2 0 6 5 

361 2616266278890988949 2 5
3 8 6 0 5 
8 3 6 0 5 

362 17581001844722639074 2 5
3 8 5 6 1 
8 3 5 6 1 

376 8290353135369918518 2 5
5 6 8 3 4 
6 5 8 3 4 

327 10034514693768965173 2 5
2 8 1 0 6 
8 2 1 0 6 

331 12216147308158220936 2 5
3 8 0 1 6 
8 3 0 1 6 

345 9967483898322327806 2 5
0 6 8 3 4 
6 0 8 3 4 

313 549821941075936999 2 5
0 5 8 3 4 
5 0 8 3 4 

295 4973915649474537275 2 5
2 8 1 0 5 
8 2 1 0 5 

299 6729636010146622590 2 5
3 8 1 0 5 
8 3 1 0 5 

285 15124747135442564414 2 5
0 2 3 8 4 
2 0 3 8 4 

283 7018322091298104669 2 5
0 1 8 3 4 
1 0 8 3 4 

234 9002026027168089101 2 5
3 7 5 6 1 
7 3 5 6 1 

244 7577927902337398904 1 5
2 6 5 7 4 

230 8958207139004225869 2 5
2 7 6 1 5 
7 2 6 1 5 

236 13192115822713333995 1 5
2 3 7 5 6 

229 1972204567836502336 2 5
2 7 0 6 5 
7 2 0 6 5 

248 18066609644628571986 2 5
5 6 7 3 4 
6 5 7 3 4 

233 5366251157161026309 2 5
3 7 6 0 5 
7 3 6 0 5 

242 9380876712669894165 1 5
4 7 5 6 1 

241 2175492691459409169 1 5
4 7 6 0 5 

206 6630984301638834681 1 5
2 7 3 6 1 

220 17049755135064405427 2 5
2 6 7 3 4 
6 2 7 3 4 

205 10872892067780819768 1 5
2 7 3 0 6 

199 5117792652772859431 2 5
2 7 0 1 6 
7 2 0 1 6 

214 18313440270588632027 1 5
2 6 1 7 4 

174 4159604103279888074 1 5
2 3 7 5 1 

213 3188387565414294424 1 5
2 7 4 0 6 

188 17407660177049224861 2 5
2 5 3 7 4 
5 2 3 7 4 

167 6564688282344144416 2 5
2 7 0 1 5 
7 2 0 1 5 

218 15326726209684116103 2 5
1 6 7 3 4 
6 1 7 3 4 

182 865919289173048204 1 5
2 4 7 1 5 

460 8003705763389657635 2 5
2 6 3 8 7 
6 2 3 8 7 

203 6857026859098827688 2 5
3 7 0 1 6 
7 3 0 1 6 

186 3339958729654672256 2 5
1 5 7 3 4 
5 1 7 3 4 

468 14761363218461614823 2 5
2 6 7 4 8 
6 2 7 4 8 

211 17068887628444032429 1 5
4 7 0 1 6 

217 16263467268804217127 2 5
0 6 7 3 4 
6 0 7 3 4 

173 13928159485096802414 1 5
2 7 3 0 5 

181 4754310080873945547 1 5
2 0 5 7 4 

428 70542602071176476 2 5
2 5 3 8 7 
5 2 3 8 7 

171 15355603263294996276 2 5
3 7 1 0 5 
7 3 1 0 5 

185 5603707083327855404 2 5
0 5 7 3 4 
5 0 7 3 4 

110 5802246732160769880 2 5
2 3 5 6 1 
3 2 5 6 1 

118 14965967930049944570 1 5
4 2 5 6 1 

158 8108654314015575984 2 5
1 2 7 3 4 
2 1 7 3 4 

157 14265111692603755661 2 5
0 2 7 3 4 
2 0 7 3 4 

143 3730178856313379848 1 5
2 0 1 7 3 

155 921133154677107642 2 5
0 1 7 3 4 
1 0 7 3 4 

436 1842751841957230268 2 5
2 5 4 8 7 
5 2 4 8 7 

179 699889836974903537 1 5
4 7 1 0 5 

151 5352721711008010027 1 5
2 0 1 7 4 

434 12735088493697215432 2 5
1 5 4 8 7 
5 1 4 8 7 

177 7717491612015219105 2 4
4 7 5 0 
4 7 0 5 

307 17814625273087401459 1 5
4 8 1 0 5 

50 18012255281608887013 2 3
4 1 5 
4 5 1 

120 5589152874650495913 2 4
4 3 5 6 
4 3 6 5 

466 2843625614010083190 2 5
1 6 4 8 7 
6 1 4 8 7 

209 15212474248030250876 2 4
4 7 6 0 
4 7 0 6 

339 3553971550099189952 1 5
4 8 0 1 6 

82 15168946620451640784 2 3
4 1 6 
4 6 1 

150 16924480941269835155 2 4
1 2 4 7 
2 1 4 7 

23 900546770679619810 1 4
4 2 1 0 

277 7600175341278357192 2 4
0 2 4 8 
2 0 4 8 

114 7776522225150348196 1 4
4 5 6 1 

368 12372555637565909489 2 4
4 8 6 5 
4 8 5 6 

334 13540941572662742610 1 5
2 8 3 1 6 

77 3130941114429359789 2 4
2 3 6 0 
3 2 6 0 

204 14201529513943055685 2 4
2 6 7 3 
6 2 7 3 

92 15761799133422946560 2 4
2 6 3 4 
6 2 3 4 

406 4791136691782224955 2 5
1 2 8 4 7 
2 1 8 4 7 

149 15211688726517858334 2 4
0 2 7 4 
2 0 7 4 

279 3407777121823873773 1 5
2 1 0 8 4 

22 3872829613479236825 2 3
4 2 1 
4 1 2 

90 3952617821483928812 2 4
4 3 1 6 
4 3 6 1 

142 4578310397253267821 2 4
1 2 7 3 
2 1 7 3 

15 1133473686458236387 2 4
2 3 0 1 
3 2 0 1 

269 17240960299287728568 2 4
0 2 3 8 
2 0 3 8 

210 7555974153275555933 2 4
4 7 6 1 
4 7 1 6 

337 10225354769322287048 2 4
4 8 6 0 
4 8 0 6 

58 7669576009627196484 2 4
4 3 1 5 
4 3 5 1 

178 3650747853062772615 2 4
4 7 5 1 
4 7 1 5 

305 8789635154978203391 2 4
4 8 5 0 
4 8 0 5 

60 397560896558339599 2 4
2 5 3 4 
5 2 3 4 

370 9598123270663019128 1 5
4 8 5 6 1 

113 5951867058007855357 1 4
4 6 0 5 

240 12245339571359005191 2 4
4 7 6 5 
4 7 5 6 

54 9952596765040056078 1 4
4 2 1 5 

51 17290143833151665081 1 4
4 1 0 5 

308 3825801388215280570 2 4
2 5 4 8 
5 2 4 8 

302 2175629523053066065 1 5
2 8 3 1 5 

45 913335442311989124 2 4
2 3 5 0 
3 2 5 0 

172 979768688786944783 2 4
2 5 3 7 
5 2 3 7 

426 11575803572631817000 2 5
1 5 3 8 7 
5 1 3 8 7 

169 11711990304762613288 4 4
3 7 5 0 
3 7 0 5 
7 3 5 0 
7 3 0 5 

309 10641818084989095597 1 5
2 4 8 5 0 

52 11372362191392725585 2 3
4 2 5 
4 5 2 

271 15618199837704284679 1 5
2 1 0 8 3 

14 14008880805489720900 6 3
1 2 3 
1 3 2 
2 1 3 
2 3 1 
3 2 1 
3 1 2 

398 1739997187025355574 2 5
1 2 8 3 7 
2 1 8 3 7 

141 15800807969320401649 2 4
0 2 7 3 
2 0 7 3 

78 6760224036353709233 2 4
2 3 6 1 
3 2 6 1 

332 6601614039514325514 2 4
2 6 3 8 
6 2 3 8 

453 8190273170293650175 1 5
2 7 8 0 6 

196 16439524814772162255 6 3
2 6 7 
2 7 6 
6 2 7 
6 7 2 
7 6 2 
7 2 6 

450 12344322855460627786 4 4
7 8 1 6 
7 8 6 1 
8 7 6 1 
8 7 1 6 

19 18062744472495900917 2 3
4 1 0 
4 0 1 

46 10950508975825020659 2 4
2 3 5 1 
3 2 5 1 

300 9591518973293746197 2 4
2 5 3 8 
5 2 3 8 

421 6554658568068402317 1 5
2 0 5 7 8 

164 2746366312794988082 6 3
2 5 7 
2 7 5 
5 2 7 
5 7 2 
7 5 2 
7 2 5 

418 13424927533574274302 8 4
1 5 7 8 
1 5 8 7 
5 1 7 8 
5 1 8 7 
7 8 1 5 
7 8 5 1 
8 7 5 1 
8 7 1 5 

301 4280828004610846998 1 5
2 3 8 5 0 

44 5375812762146778914 6 3
2 3 5 
2 5 3 
3 2 5 
3 5 2 
5 3 2 
5 2 3 

298 7039795858769531101 4 4
3 8 5 1 
3 8 1 5 
8 3 5 1 
8 3 1 5 

267 15144141405055481410 4 4
0 1 3 8 
0 1 8 3 
1 0 3 8 
1 0 8 3 

139 18078643638804262441 4 4
0 1 3 7 
0 1 7 3 
1 0 3 7 
1 0 7 3 

275 4827504929736203045 2 4
0 1 4 8 
1 0 4 8 

135 12913956671507212917 2 4
2 7 0 1 
7 2 0 1 

262 15506128530805226713 6 3
1 2 8 
1 8 2 
2 1 8 
2 8 1 
8 2 1 
8 1 2 

389 16410305596790921676 2 4
0 2 7 8 
2 0 7 8 

333 10528123953271010939 1 5
2 3 8 6 0 

76 6647193949798953821 6 3
2 3 6 
2 6 3 
3 2 6 
3 6 2 
6 3 2 
6 2 3 

330 16664913419909017165 4 4
3 8 6 1 
3 8 1 6 
8 3 6 1 
8 3 1 6 

391 15680225908370523185 1 5
2 1 0 8 7 

134 7450046853052343298 6 3
1 2 7 
1 7 2 
2 1 7 
2 7 1 
7 2 1 
7 1 2 

261 12512111091504395448 6 3
0 2 8 
0 8 2 
2 0 8 
2 8 0 
8 2 0 
8 0 2 

108 14172968347470517984 2 4
2 3 5 6 
3 2 5 6 

306 13364652583651133873 2 4
4 8 5 1 
4 8 1 5 

49 18387741481810245820 2 3
4 0 5 
4 5 0 

310 12400619144162751635 1 5
2 8 4 1 5 

53 2402734031506960608 1 4
4 2 5 0 

180 16541104542087724239 2 4
2 5 4 7 
5 2 4 7 

369 8872648051408794817 1 5
4 8 6 0 5 

112 11763718230431698398 2 3
4 5 6 
4 6 5 

387 17543229581295025888 4 4
0 1 7 8 
0 1 8 7 
1 0 7 8 
1 0 8 7 

341 3479504228729650971 1 5
2 4 8 0 6 

84 15740121180952759840 2 3
4 2 6 
4 6 2 

81 8568230543115373829 2 3
4 0 6 
4 6 0 

338 2381007617400529949 2 4
4 8 6 1 
4 8 1 6 

292 7450046853052343298 6 3
2 5 8 
2 8 5 
5 2 8 
5 8 2 
8 5 2 
8 2 5 

422 11863665574526776122 2 5
2 1 5 8 7 
2 8 7 1 5 

165 14500740976424014548 2 4
2 7 0 5 
7 2 0 5 

342 1077082408127334766 1 5
2 8 4 1 6 

85 15384610227226878701 1 4
4 2 6 0 

212 2926769969479432917 2 4
2 6 7 4 
6 2 7 4 

346 7367490809145057891 2 5
1 6 8 3 4 
6 1 8 3 4 

89 4629136527481503433 2 4
4 3 0 6 
4 3 6 0 

30 16415703207274397235 2 4
1 2 4 3 
2 1 4 3 

147 9523038077975110214 2 4
0 1 4 7 
1 0 4 7 

286 5401326466918201929 2 5
1 2 8 3 4 
2 1 8 3 4 

29 6160491278158061848 2 4
0 2 3 4 
2 0 3 4 

324 2797283104291520920 6 3
2 6 8 
2 8 6 
6 2 8 
6 8 2 
8 6 2 
8 2 6 

454 14908903808796387441 1 5
2 1 6 8 7 

197 10253701699432426669 2 4
2 7 0 6 
7 2 0 6 

86 10948982818755172871 1 4
4 2 1 6 

83 4169420313510839825 1 4
4 0 1 6 

340 14552136092021660031 2 4
2 6 4 8 
6 2 4 8 

27 11992910390631137992 2 4
0 1 4 3 
1 0 4 3 

116 5759806716155490853 1 4
4 2 5 6 

314 12484149062585064823 2 5
1 5 8 3 4 
5 1 8 3 4 

57 16476240400893921083 2 4
4 3 0 5 
4 3 5 0 

170 17243617947038577526 4 4
3 7 5 1 
3 7 1 5 
7 3 5 1 
7 3 1 5 

297 16521736169469953080 4 4
3 8 5 0 
3 8 0 5 
8 3 5 0 
8 3 0 5 

166 876624834973236334 2 4
2 7 1 5 
7 2 1 5 

293 17022693139007100996 2 4
2 8 5 0 
8 2 5 0 

420 876624834973236334 2 4
2 5 8 7 
5 2 8 7 

458 12931351317141214139 2 5
1 6 3 8 7 
6 1 3 8 7 

201 15301046976148791149 4 4
3 7 6 0 
3 7 0 6 
7 3 6 0 
7 3 0 6 

202 7594688071270204920 4 4
3 7 6 1 
3 7 1 6 
7 3 6 1 
7 3 1 6 

329 5445672522781340490 4 4
3 8 6 0 
3 8 0 6 
8 3 6 0 
8 3 0 6 

228 5679105443149855486 2 4
2 7 6 5 
7 2 6 5 

263 15009484729713417014 2 4
2 8 1 0 
8 2 1 0 

133 17528198949777552728 6 3
0 2 7 
0 7 2 
2 0 7 
2 7 0 
7 2 0 
7 0 2 

390 14126493467905045730 2 4
1 2 8 7 
2 1 8 7 

198 13668825145147058435 2 4
2 7 6 1 
7 2 6 1 

325 16794244323169514769 2 4
2 8 0 6 
8 2 0 6 

452 4391004554232491887 2 4
2 6 7 8 
6 2 7 8 

13 8653824702438220459 6 3
0 2 3 
0 3 2 
2 0 3 
2 3 0 
3 2 0 
3 0 2 

270 3470314425449497034 2 4
1 2 8 3 
2 1 8 3 

21 2336340655469392184 2 3
4 2 0 
4 0 2 

278 3349129773291191779 2 4
1 2 8 4 
2 1 8 4 

232 658335548592854908 4 4
3 7 6 5 
3 7 5 6 
7 3 6 5 
7 3 5 6 

294 14126493467905045730 2 4
2 8 1 5 
8 2 1 5 

417 9427896813046392136 4 4
7 8 0 5 
7 8 5 0 
8 7 5 0 
8 7 0 5 

326 14687812502662335556 2 4
2 8 1 6 
8 2 1 6 

356 3174375617326833171 2 4
2 8 5 6 
8 2 5 6 

360 7219196660751029552 4 4
3 8 6 5 
3 8 5 6 
8 3 6 5 
8 3 5 6 

449 9940134623862456510 4 4
0 6 7 8 
0 6 8 7 
6 0 7 8 
6 0 8 7 

480 8879301116813056289 4 4
5 6 7 8 
5 6 8 7 
6 5 7 8 
6 5 8 7 

31 16005135361540479575 1 5
2 0 1 3 4 

47 12892143946570986425 2 5
2 3 0 1 5 
3 2 0 1 5 

61 5317092438529883953 1 5
2 3 4 5 0 

348 5792167012488938345 2 5
2 6 3 8 4 
6 2 3 8 4 

91 18144658682514102660 1 5
4 3 0 1 6 

93 12644926215572750925 1 5
2 3 4 6 0 

316 3738432633988593241 2 5
2 5 3 8 4 
5 2 3 8 4 

59 15907078108337635179 1 5
4 3 1 0 5 

79 10896493675931828911 2 5
2 3 0 1 6 
3 2 0 1 6 

87 10331688784570846495 1 5
4 2 0 1 6 

55 675974368298567639 1 5
4 2 1 0 5 

62 14203878510919802736 1 5
2 5 1 3 4 

372 3932681161220046935 1 5
2 4 8 5 6 

115 8489557861011607662 1 5
4 0 1 6 5 

94 16507449875017041043 1 5
2 6 1 3 4 

121 16735195438753639742 1 5
4 3 6 0 5 

122 4681269418522503568 1 5
4 3 5 6 1 

117 2980881782951495458 1 5
4 2 6 0 5 

109 4119778617087793069 2 5
2 3 5 6 0 
3 2 5 6 0 

124 5164221462375406300 1 5
2 3 4 5 6 

