KITE[0,0,0,0,0,0,0,0,0]*(-2*a0-a1-a5+d-a2-a6)
KITE[-1,1,0,0,0,0,0,0,0]*(-a1)
KITE[0,0,0,0,0,0,1,0,0]*(mt2*a6)
KITE[0,1,0,0,0,0,0,0,0]*(a1*s12)
KITE[-1,0,1,0,0,0,0,0,0]*(-a2)
KITE[-1,0,0,0,0,0,1,0,0]*(-a6)
KITE[0,0,1,-1,0,0,0,0,0]*(a2)
KITE[0,0,1,0,-1,0,0,0,0]*(2*a2)
KITE[0,0,1,0,0,0,0,-1,0]*(-a2)
KITE[0,0,1,0,0,0,0,0,-1]*(-a2)
KITE[0,0,1,0,0,0,0,0,0]*(s34*a2+2*mt2*a2+s12*a2)
KITE[-1,0,0,0,0,1,0,0,0]*(-a5)
KITE[0,0,0,0,0,1,0,0,0]*(s34*a5)

KITE[-1,0,1,0,0,0,0,0,0]*(-2*a2)
KITE[0,-1,1,0,0,0,0,0,0]*(a2)
KITE[0,0,0,0,0,0,0,0,0]*(-a3-a7-2*a4-a8+d-a2)
KITE[0,0,1,0,-1,0,0,0,0]*(-a2)
KITE[0,0,1,0,0,-1,0,0,0]*(a2)
KITE[0,0,1,0,0,0,-1,0,0]*(a2)
KITE[0,0,1,0,0,0,0,0,0]*(-s34*a2-mt2*a2-s12*a2)
KITE[0,0,0,0,0,0,0,0,1]*(-mt2*a8+s34*a8)
KITE[0,0,0,1,-1,0,0,0,0]*(-a3)
KITE[0,0,0,0,-1,0,0,0,1]*(-a8)
KITE[0,0,0,0,1,0,0,0,0]*(-2*mt2*a4)
KITE[0,0,0,0,-1,0,0,1,0]*(-a7)
KITE[0,0,0,0,0,0,0,1,0]*(a7*s12-mt2*a7)

KITE[-1,0,1,0,0,0,0,0,0]*(-a2)
KITE[0,0,1,-1,0,0,0,0,0]*(a2)
KITE[0,0,1,0,-1,0,0,0,0]*(-a2)
KITE[0,0,1,0,0,0,-1,0,0]*(a2)
KITE[0,0,1,0,0,0,0,0,0]*(-s*a2-mt2*a2)
KITE[0,0,0,0,0,0,0,0,0]*(a3-a4)
KITE[0,0,0,1,-1,0,0,0,0]*(-a3)
KITE[0,0,0,-1,1,0,0,0,0]*(a4)
KITE[0,0,0,0,0,0,0,0,1]*(-t*a8-mt2*a8+s34*a8)
KITE[0,0,0,0,1,0,0,0,0]*(-2*mt2*a4)
KITE[0,0,0,-1,0,0,0,1,0]*(a7)
KITE[0,0,0,0,-1,0,0,1,0]*(-a7)
KITE[0,0,0,0,0,0,0,1,0]*(-a7*s34+a7*s+a7*t-3*mt2*a7)
KITE[0,0,0,-1,0,0,0,0,1]*(a8)
KITE[0,0,0,0,-1,0,0,0,1]*(-a8)

KITE[0,0,0,0,0,0,0,0,0]*(a0-a1)
KITE[1,-1,0,0,0,0,0,0,0]*(-a0)
KITE[1,0,0,0,0,0,0,0,0]*(a0*s12)
KITE[-1,1,0,0,0,0,0,0,0]*(a1)
KITE[0,0,0,0,0,0,1,0,0]*(-mt2*a6+s*a6-s34*a6+t*a6+s12*a6)
KITE[0,1,0,0,0,0,0,0,0]*(-a1*s12)
KITE[-1,0,1,0,0,0,0,0,0]*(a2)
KITE[0,-1,1,0,0,0,0,0,0]*(-a2)
KITE[0,0,1,0,-1,0,0,0,0]*(-a2)
KITE[0,0,1,0,0,0,0,-1,0]*(a2)
KITE[0,0,1,0,0,0,0,0,0]*(-2*mt2*a2-s12*a2+t*a2)
KITE[-1,0,0,0,0,1,0,0,0]*(a5)
KITE[0,-1,0,0,0,1,0,0,0]*(-a5)
KITE[0,0,0,0,0,1,0,0,0]*(-a5*s+s34*a5+2*a5*s12)
KITE[-1,0,0,0,0,0,1,0,0]*(a6)
KITE[0,-1,0,0,0,0,1,0,0]*(-a6)

KITE[-1,0,1,0,0,0,0,0,0]*(-a2)
KITE[0,-1,1,0,0,0,0,0,0]*(a2)
KITE[0,0,1,0,-1,0,0,0,0]*(a2)
KITE[0,0,1,0,0,0,0,-1,0]*(-a2)
KITE[0,0,1,0,0,0,0,0,0]*(2*mt2*a2+s12*a2-t*a2)
KITE[0,0,0,1,-1,0,0,0,0]*(a3)
KITE[0,0,0,1,0,0,0,-1,0]*(-a3)
KITE[0,0,0,1,0,0,0,0,0]*(a3*s12-a3*t+2*mt2*a3-a3*s+a3*s34)
KITE[0,0,0,0,0,0,0,0,0]*(-a7+a4)
KITE[0,0,0,0,1,0,0,-1,0]*(-a4)
KITE[0,0,0,0,1,0,0,0,0]*(mt2*a4+a4*s12)
KITE[0,0,0,0,-1,0,0,1,0]*(a7)
KITE[0,0,0,0,0,0,0,0,1]*(-a8*s+mt2*a8+2*a8*s12+s34*a8)
KITE[0,0,0,0,0,0,0,1,0]*(-a7*s12+mt2*a7)
KITE[0,0,0,0,-1,0,0,0,1]*(a8)
KITE[0,0,0,0,0,0,0,-1,1]*(-a8)

KITE[0,0,0,0,0,0,0,0,0]*(a0-a5)
KITE[1,0,0,0,0,-1,0,0,0]*(-a0)
KITE[1,0,0,0,0,0,0,0,0]*(a0*s34)
KITE[-1,1,0,0,0,0,0,0,0]*(a1)
KITE[0,1,0,0,0,-1,0,0,0]*(-a1)
KITE[0,1,0,0,0,0,0,0,0]*(-a1*s+2*s34*a1+a1*s12)
KITE[-1,0,1,0,0,0,0,0,0]*(a2)
KITE[0,0,1,0,-1,0,0,0,0]*(-a2)
KITE[0,0,1,0,0,-1,0,0,0]*(-a2)
KITE[0,0,1,0,0,0,0,0,-1]*(a2)
KITE[0,0,1,0,0,0,0,0,0]*(-s*a2+s12*a2-t*a2)
KITE[-1,0,0,0,0,1,0,0,0]*(a5)
KITE[0,0,0,0,0,0,1,0,0]*(mt2*a6+2*s34*a6-t*a6)
KITE[0,0,0,0,0,1,0,0,0]*(-s34*a5)
KITE[-1,0,0,0,0,0,1,0,0]*(a6)
KITE[0,0,0,0,0,-1,1,0,0]*(-a6)

KITE[-1,0,1,0,0,0,0,0,0]*(-a2)
KITE[0,0,1,0,-1,0,0,0,0]*(a2)
KITE[0,0,1,0,0,-1,0,0,0]*(a2)
KITE[0,0,1,0,0,0,0,0,-1]*(-a2)
KITE[0,0,1,0,0,0,0,0,0]*(s*a2-s12*a2+t*a2)
KITE[0,0,0,1,-1,0,0,0,0]*(a3)
KITE[0,0,0,1,0,0,0,0,-1]*(-a3)
KITE[0,0,0,1,0,0,0,0,0]*(a3*t)
KITE[0,0,0,0,0,0,0,0,0]*(a4-a8)
KITE[0,0,0,0,1,0,0,0,-1]*(-a4)
KITE[0,0,0,0,1,0,0,0,0]*(mt2*a4+a4*s34)
KITE[0,0,0,0,-1,0,0,1,0]*(a7)
KITE[0,0,0,0,0,0,0,1,-1]*(-a7)
KITE[0,0,0,0,0,0,0,1,0]*(a7*s12+2*a7*s34-a7*s+mt2*a7)
KITE[0,0,0,0,-1,0,0,0,1]*(a8)
KITE[0,0,0,0,0,0,0,0,1]*(mt2*a8-s34*a8)

KITE[0,0,0,0,0,0,0,0,0]*(a0-a6)
KITE[1,0,0,0,0,0,-1,0,0]*(-a0)
KITE[1,0,0,0,0,0,0,0,0]*(mt2*a0)
KITE[-1,1,0,0,0,0,0,0,0]*(a1)
KITE[0,1,0,0,0,0,-1,0,0]*(-a1)
KITE[0,1,0,0,0,0,0,0,0]*(t*a1+a1*s-s34*a1)
KITE[-1,0,1,0,0,0,0,0,0]*(a2)
KITE[0,0,1,-1,0,0,0,0,0]*(-a2)
KITE[0,0,1,0,-1,0,0,0,0]*(a2)
KITE[0,0,1,0,0,0,-1,0,0]*(-a2)
KITE[0,0,1,0,0,0,0,0,0]*(s*a2+mt2*a2)
KITE[-1,0,0,0,0,1,0,0,0]*(a5)
KITE[0,0,0,0,0,1,-1,0,0]*(-a5)
KITE[0,0,0,0,0,1,0,0,0]*(-t*a5+s34*a5+2*mt2*a5)
KITE[-1,0,0,0,0,0,1,0,0]*(a6)
KITE[0,0,0,0,0,0,1,0,0]*(-mt2*a6)

KITE[0,0,0,0,0,0,0,0,0]*(2*a0-a1-a5+a2-a6)
KITE[1,-1,0,0,0,0,0,0,0]*(-a0)
KITE[1,0,-1,0,0,0,0,0,0]*(a0)
KITE[1,0,0,-1,0,0,0,0,0]*(-a0)
KITE[1,0,0,0,-1,0,0,0,0]*(-2*a0)
KITE[1,0,0,0,0,-1,0,0,0]*(-a0)
KITE[1,0,0,0,0,0,-1,0,0]*(-a0)
KITE[1,0,0,0,0,0,0,-1,0]*(a0)
KITE[1,0,0,0,0,0,0,0,-1]*(a0)
KITE[1,0,0,0,0,0,0,0,0]*(-mt2*a0)
KITE[-1,1,0,0,0,0,0,0,0]*(2*a1)
KITE[0,0,0,0,0,0,1,0,0]*(-3*mt2*a6)
KITE[0,1,-1,0,0,0,0,0,0]*(a1)
KITE[0,1,0,-1,0,0,0,0,0]*(-a1)
KITE[0,1,0,0,-1,0,0,0,0]*(-a1)
KITE[0,1,0,0,0,-1,0,0,0]*(-a1)
KITE[0,1,0,0,0,0,-1,0,0]*(-a1)
KITE[0,1,0,0,0,0,0,0,-1]*(a1)
KITE[0,1,0,0,0,0,0,0,0]*(a1*s12)
KITE[-1,0,1,0,0,0,0,0,0]*(2*a2)
KITE[0,-1,1,0,0,0,0,0,0]*(-a2)
KITE[0,0,0,0,0,0,1,0,-1]*(a6)
KITE[0,0,1,0,-1,0,0,0,0]*(a2)
KITE[0,0,1,0,0,-1,0,0,0]*(-a2)
KITE[0,0,1,0,0,0,-1,0,0]*(-a2)
KITE[0,0,1,0,0,0,0,0,0]*(s34*a2+mt2*a2+s12*a2)
KITE[-1,0,0,0,0,1,0,0,0]*(2*a5)
KITE[0,-1,0,0,0,1,0,0,0]*(-a5)
KITE[0,0,-1,0,0,1,0,0,0]*(a5)
KITE[0,0,0,-1,0,1,0,0,0]*(-a5)
KITE[0,0,0,0,-1,1,0,0,0]*(-a5)
KITE[0,0,0,0,0,0,1,-1,0]*(a6)
KITE[0,0,0,0,0,1,-1,0,0]*(-a5)
KITE[0,0,0,0,0,1,0,-1,0]*(a5)
KITE[0,0,0,0,0,1,0,0,0]*(s34*a5)
KITE[-1,0,0,0,0,0,1,0,0]*(2*a6)
KITE[0,-1,0,0,0,0,1,0,0]*(-a6)
KITE[0,0,-1,0,0,0,1,0,0]*(a6)
KITE[0,0,0,0,-1,0,1,0,0]*(-3*a6)
KITE[0,0,0,0,0,-1,1,0,0]*(-a6)

KITE[-1,0,1,0,0,0,0,0,0]*(a2)
KITE[0,0,0,0,0,0,0,0,0]*(-a3+a7-2*a4+a8+a2)
KITE[0,0,1,-1,0,0,0,0,0]*(-a2)
KITE[0,0,1,0,-1,0,0,0,0]*(-2*a2)
KITE[0,0,1,0,0,0,0,-1,0]*(a2)
KITE[0,0,1,0,0,0,0,0,-1]*(a2)
KITE[0,0,1,0,0,0,0,0,0]*(-s34*a2-2*mt2*a2-s12*a2)
KITE[-1,0,0,1,0,0,0,0,0]*(a3)
KITE[0,-1,0,1,0,0,0,0,0]*(-a3)
KITE[0,0,-1,1,0,0,0,0,0]*(a3)
KITE[0,0,0,0,0,0,0,0,1]*(-mt2*a8+s34*a8)
KITE[0,0,0,1,-1,0,0,0,0]*(-2*a3)
KITE[0,0,0,1,0,-1,0,0,0]*(-a3)
KITE[0,0,0,1,0,0,0,-1,0]*(a3)
KITE[0,0,0,1,0,0,0,0,-1]*(a3)
KITE[0,0,0,1,0,0,0,0,0]*(-2*mt2*a3)
KITE[-1,0,0,0,1,0,0,0,0]*(2*a4)
KITE[0,-1,0,0,1,0,0,0,0]*(-a4)
KITE[0,0,-1,0,1,0,0,0,0]*(a4)
KITE[0,0,0,-1,1,0,0,0,0]*(-a4)
KITE[0,0,0,0,0,0,0,-1,1]*(a8)
KITE[0,0,0,0,1,-1,0,0,0]*(-a4)
KITE[0,0,0,0,1,0,-1,0,0]*(-a4)
KITE[0,0,0,0,1,0,0,-1,0]*(a4)
KITE[0,0,0,0,1,0,0,0,-1]*(a4)
KITE[0,0,0,0,1,0,0,0,0]*(-mt2*a4)
KITE[-1,0,0,0,0,0,0,1,0]*(3*a7)
KITE[0,-1,0,0,0,0,0,1,0]*(-2*a7)
KITE[0,0,-1,0,0,0,0,1,0]*(a7)
KITE[0,0,0,-1,0,0,0,1,0]*(-a7)
KITE[0,0,0,0,-1,0,0,1,0]*(-2*a7)
KITE[0,0,0,0,0,-1,0,1,0]*(-a7)
KITE[0,0,0,0,0,0,-1,1,0]*(-a7)
KITE[0,0,0,0,0,0,-1,0,1]*(-a8)
KITE[0,0,0,0,0,0,0,1,-1]*(a7)
KITE[0,0,0,0,0,0,0,1,0]*(a7*s12-mt2*a7)
KITE[-1,0,0,0,0,0,0,0,1]*(3*a8)
KITE[0,-1,0,0,0,0,0,0,1]*(-a8)
KITE[0,0,-1,0,0,0,0,0,1]*(a8)
KITE[0,0,0,-1,0,0,0,0,1]*(-a8)
KITE[0,0,0,0,-1,0,0,0,1]*(-2*a8)
KITE[0,0,0,0,0,-1,0,0,1]*(-2*a8)

