KITE[-1,1,0,0,0,0,0,0,0]*(a1*s-s34*a1-3*a1*s12)
KITE[0,0,0,0,0,0,0,0,0]*(a5*s+a7*s12+a8*s-a1*s-a8*s12+a7*s34-s34*a5-a7*s+s34*a1-s34*a8+a1*s12-a5*s12)
KITE[0,1,0,0,0,0,0,0,0]*(-3*s34*a1*s12-a1*s12^2+a1*s12*s)
KITE[0,0,0,0,0,0,1,0,0]*(t*s12*a6-mt2*s12*a6-s34*s12*a6+s34*t*a6-s34^2*a6-mt2*s34*a6+s34*s*a6)
KITE[0,1,0,0,0,-1,0,0,0]*(2*a1*s12)
KITE[0,-1,0,0,0,0,1,0,0]*(mt2*a6+s34*a6-t*a6)
KITE[-1,0,1,0,0,0,0,0,0]*(s*a2-2*mt2*a2-2*s12*a2+2*t*a2)
KITE[0,-1,1,0,0,0,0,0,0]*(-s*a2+mt2*a2+s12*a2-t*a2)
KITE[0,0,1,0,-1,0,0,0,0]*(-s*a2+2*mt2*a2+2*s12*a2-2*t*a2)
KITE[0,0,1,0,0,0,0,-1,0]*(s*a2-mt2*a2-s12*a2+t*a2)
KITE[0,0,1,0,0,0,0,0,0]*(2*mt2*s12*a2-2*mt2*t*a2+2*mt2^2*a2-mt2*s*a2)
KITE[0,0,0,1,0,0,0,0,0]*(-a3*t*s12-mt2*a3*s-a3*s34*t+2*mt2^2*a3+3*mt2*a3*s34-2*mt2*a3*t-a3*s34*s+a3*s34^2+a3*s34*s12+mt2*a3*s12)
KITE[0,0,1,0,0,0,0,0,-1]*(-mt2*a2-s12*a2+t*a2)
KITE[0,0,1,0,0,-1,0,0,0]*(mt2*a2+s12*a2-t*a2)
KITE[0,0,0,0,0,0,0,-1,1]*(-2*s34*a8)
KITE[0,0,0,0,0,0,0,0,1]*(3*s34*a8*s12+mt2*a8*s12+s34^2*a8+3*mt2*s34*a8-mt2*a8*s-s34*a8*s)
KITE[0,0,0,0,-1,0,0,1,0]*(-3*a7*s12-a7*s34+a7*s)
KITE[0,0,0,0,0,-1,1,0,0]*(mt2*a6-s*a6+s34*a6-t*a6)
KITE[0,0,0,0,0,0,0,1,0]*(a7*s12*s-a7*s12^2-mt2*a7*s34-3*a7*s34*s12+mt2*a7*s-3*mt2*a7*s12)
KITE[0,0,0,0,0,1,0,0,0]*(3*s34*a5*s12+s34^2*a5-s34*a5*s)
KITE[0,0,0,0,0,0,0,1,-1]*(2*a7*s12)
KITE[0,-1,0,0,0,1,0,0,0]*(-2*s34*a5)
KITE[0,0,0,1,0,0,0,0,-1]*(a3*t-mt2*a3+a3*s-a3*s34)
KITE[0,0,0,1,-1,0,0,0,0]*(-2*a3*t+2*mt2*a3-a3*s+2*a3*s34)
KITE[-1,0,0,0,0,1,0,0,0]*(-a5*s+3*s34*a5+a5*s12)
KITE[0,0,0,0,-1,0,0,0,1]*(-a8*s+a8*s12+3*s34*a8)
KITE[-1,0,0,0,0,0,1,0,0]*(-2*mt2*a6+s*a6-2*s34*a6+2*t*a6)
KITE[0,0,0,1,0,0,0,-1,0]*(a3*t-mt2*a3-a3*s34)

KITE[-1,1,0,0,0,0,0,0,0]*(-t*a1-a1*s+mt2*a1+s34*a1-2*a1*s12)
KITE[0,0,0,0,0,0,0,0,0]*(t*a1+mt2*a6-s*a6+a1*s+s34*a6-a7*s34-mt2*a1+a7*s-a3*t-s34*a1-t*a6+a7*t+mt2*a3-mt2*a7-a3*s+a3*s34)
KITE[0,1,0,0,0,0,0,0,0]*(s34*a1*s12-t*a1*s12-mt2*a1*s12-a1*s12*s)
KITE[0,0,0,0,0,0,1,0,0]*(mt2*t*a6+2*mt2*s12*a6+mt2*s*a6-mt2^2*a6-mt2*s34*a6)
KITE[0,1,0,0,0,0,-1,0,0]*(2*a1*s12)
KITE[0,-1,0,0,0,0,1,0,0]*(-2*mt2*a6)
KITE[-1,0,1,0,0,0,0,0,0]*(-s*a2+mt2*a2-s12*a2+t*a2)
KITE[0,-1,1,0,0,0,0,0,0]*(s*a2-2*mt2*a2)
KITE[0,0,1,0,-1,0,0,0,0]*(s*a2-3*mt2*a2-s12*a2+t*a2)
KITE[0,0,1,0,0,0,0,-1,0]*(-s*a2+2*mt2*a2)
KITE[0,0,1,0,0,0,0,0,0]*(-3*mt2*s12*a2+3*mt2*t*a2-5*mt2^2*a2+mt2*s*a2)
KITE[0,0,0,1,-1,0,0,0,0]*(a3*t-3*mt2*a3+a3*s-a3*s34)
KITE[0,0,1,-1,0,0,0,0,0]*(mt2*a2+s12*a2-t*a2)
KITE[0,0,0,0,-1,0,0,0,1]*(t*a8+a8*s-mt2*a8-a8*s12-2*s34*a8)
KITE[0,0,1,0,0,0,-1,0,0]*(mt2*a2+s12*a2-t*a2)
KITE[0,0,0,1,0,0,0,-1,0]*(2*mt2*a3)
KITE[0,0,0,0,-1,0,0,1,0]*(2*a7*s12+a7*s34-a7*s-a7*t+mt2*a7)
KITE[-1,0,0,0,0,0,1,0,0]*(mt2*a6+s*a6-s34*a6+t*a6)
KITE[0,0,0,0,0,0,0,1,0]*(mt2^2*a7-a7*s12*s-mt2*a7*t+mt2*a7*s34+a7*s34*s12-mt2*a7*s+5*mt2*a7*s12-a7*t*s12)
KITE[0,0,0,-1,0,0,0,1,0]*(-2*a7*s12)
KITE[0,-1,0,0,0,1,0,0,0]*(-t*a5+s34*a5+mt2*a5)
KITE[0,0,0,0,0,0,0,0,1]*(-s34*a8*s12-3*mt2*a8*s12+t*a8*s12-mt2^2*a8-3*mt2*s34*a8+2*mt2*a8*s+mt2*t*a8)
KITE[-1,0,0,0,0,1,0,0,0]*(-a5*s+t*a5-mt2*a5+a5*s12)
KITE[0,0,0,0,0,1,0,0,0]*(t*a5*s12+mt2*s34*a5-s34*a5*s12-mt2*a5*s)
KITE[0,0,0,0,0,0,0,-1,1]*(-t*a8+mt2*a8+s34*a8)
KITE[0,0,0,-1,0,0,0,0,1]*(-a8*s+a8*s12+s34*a8)
KITE[0,0,0,0,0,1,-1,0,0]*(a5*s-s34*a5-a5*s12)
KITE[0,0,0,1,0,0,0,0,0]*(2*mt2*a3*s-4*mt2^2*a3-2*mt2*a3*s34+2*mt2*a3*t-2*mt2*a3*s12)

KITE[-1,1,0,0,0,0,0,0,0]*(-t*a1-2*a1*s+mt2*a1+2*s34*a1+a1*s12)
KITE[0,1,0,0,0,-1,0,0,0]*(t*a1+a1*s-mt2*a1-s34*a1)
KITE[0,1,0,0,0,0,0,0,0]*(s34^2*a1+2*mt2*s34*a1+mt2*a1*s12-mt2*a1*s-s34*t*a1-s34*a1*s)
KITE[0,0,0,0,0,0,1,0,0]*(-mt2*t*a6+mt2^2*a6+3*mt2*s34*a6)
KITE[0,1,0,0,0,0,-1,0,0]*(a1*s-s34*a1-a1*s12)
KITE[0,0,0,0,0,0,0,0,0]*(-t*a8-t*a5-mt2*a6-s34*a6+mt2*a8+s34*a5+mt2*a5+a3*t+s34*a8+t*a6-mt2*a3-a3*s34)
KITE[-1,0,1,0,0,0,0,0,0]*(-2*s*a2+3*mt2*a2+s12*a2-t*a2)
KITE[0,0,1,0,-1,0,0,0,0]*(-mt2*a2+s12*a2-t*a2)
KITE[0,0,1,0,0,-1,0,0,0]*(s*a2-2*mt2*a2)
KITE[0,0,1,0,0,0,0,0,-1]*(-s*a2+2*mt2*a2)
KITE[0,0,1,0,0,0,0,0,0]*(3*mt2*s12*a2-3*mt2*t*a2+mt2^2*a2-2*mt2*s*a2)
KITE[0,0,0,1,-1,0,0,0,0]*(-a3*t-mt2*a3+a3*s34)
KITE[0,0,1,-1,0,0,0,0,0]*(s*a2-mt2*a2-s12*a2+t*a2)
KITE[0,0,0,1,0,0,0,0,-1]*(2*mt2*a3)
KITE[0,0,1,0,0,0,-1,0,0]*(s*a2-mt2*a2-s12*a2+t*a2)
KITE[0,0,0,0,0,0,0,0,1]*(-s34^2*a8-mt2^2*a8+2*mt2*s34*a8+s34*t*a8+mt2*t*a8)
KITE[0,0,0,0,-1,0,0,1,0]*(-a7*s12-a7*t+mt2*a7)
KITE[0,0,0,0,0,0,0,1,-1]*(-a7*s34+a7*s+a7*t-mt2*a7)
KITE[0,0,0,0,0,0,0,1,0]*(mt2^2*a7-mt2*a7*t+mt2*a7*s-2*mt2*a7*s12-a7*s34*s-a7*s34*t+a7*s34^2)
KITE[0,0,0,-1,0,0,0,1,0]*(a7*s12+a7*s34-a7*s)
KITE[-1,0,0,0,0,0,1,0,0]*(3*mt2*a6+s34*a6-t*a6)
KITE[-1,0,0,0,0,1,0,0,0]*(t*a5-3*s34*a5-mt2*a5)
KITE[0,0,0,0,0,1,0,0,0]*(-3*mt2*s34*a5-s34^2*a5+s34*t*a5)
KITE[0,0,0,0,0,1,-1,0,0]*(2*s34*a5)
KITE[0,0,0,0,-1,0,0,0,1]*(t*a8-mt2*a8+s34*a8)
KITE[0,0,0,0,0,-1,1,0,0]*(-2*mt2*a6)
KITE[0,0,0,-1,0,0,0,0,1]*(-2*s34*a8)
KITE[0,0,0,1,0,0,0,0,0]*(-2*mt2*a3*t)

