0
0 13
0 13
1 0 0 0 0 0 0 0 0 0 
0 1 0 0 0 0 0 0 0 0 
0 0 0 1 0 0 0 0 0 0 
0 0 1 0 0 0 0 0 0 0 
-1 0 1 1 -1 0 1 0 0 -mt2-s 
0 0 0 0 0 1 0 0 0 0 
0 0 0 0 0 0 1 0 0 0 
-2 1 1 1 0 0 1 -1 0 3*mt2+s34-2*t+2*s12-2*s 
-2 0 1 1 0 1 1 0 -1 -mt2+2*t-s12 

0
0 13
0 13
0 0 1 0 0 0 0 0 0 0 
1 -1 1 0 -1 0 0 1 0 -2*mt2+t 
1 0 0 0 0 0 0 0 0 0 
0 0 0 1 0 0 0 0 0 0 
0 0 0 0 1 0 0 0 0 0 
1 0 1 0 -1 -1 0 0 1 s34-t+s12-s 
1 0 1 -1 1 0 -1 0 0 2*mt2+s 
0 0 0 0 0 0 0 1 0 0 
0 0 0 0 0 0 0 0 1 0 

0
0 13
0 13
0 0 1 0 0 0 0 0 0 0 
1 -1 1 0 -1 0 0 1 0 -2*mt2+t 
0 0 0 1 0 0 0 0 0 0 
1 0 0 0 0 0 0 0 0 0 
2 0 0 0 0 0 -1 0 0 mt2 
1 0 1 0 -1 -1 0 0 1 s34-t+s12-s 
1 0 1 -1 1 0 -1 0 0 2*mt2+s 
3 -1 0 0 0 0 -1 0 0 3*mt2+s34-t+2*s12-s 
3 0 0 0 0 -1 -1 0 0 mt2+s34+t 

0
0 13
0 13
0 0 0 1 0 0 0 0 0 0 
0 0 0 1 1 0 0 -1 0 2*mt2+s34-t+2*s12-s 
0 0 1 0 0 0 0 0 0 0 
1 0 0 0 0 0 0 0 0 0 
2 0 0 0 0 0 -1 0 0 mt2 
0 0 0 1 1 0 0 0 -1 s34+t 
0 0 0 2 -1 0 0 0 0 mt2 
3 -1 0 0 0 0 -1 0 0 3*mt2+s34-t+2*s12-s 
3 0 0 0 0 -1 -1 0 0 mt2+s34+t 

0
0 13
0 13
0 0 0 1 0 0 0 0 0 0 
0 0 0 1 1 0 0 -1 0 2*mt2+s34-t+2*s12-s 
1 0 0 0 0 0 0 0 0 0 
0 0 1 0 0 0 0 0 0 0 
-1 0 1 1 -1 0 1 0 0 -mt2-s 
0 0 0 1 1 0 0 0 -1 s34+t 
0 0 0 2 -1 0 0 0 0 mt2 
-2 1 1 1 0 0 1 -1 0 3*mt2+s34-2*t+2*s12-2*s 
-2 0 1 1 0 1 1 0 -1 -mt2+2*t-s12 

0
0 14
0 14
1 0 0 0 0 0 0 0 0 0 
0 1 0 0 0 0 0 0 0 0 
0 0 0 1 0 0 0 0 0 0 
0 0 1 0 0 0 0 0 0 0 
-1 0 1 1 -1 0 1 0 0 -mt2-s 
0 0 0 0 0 1 0 0 0 0 
0 0 0 0 0 0 1 0 0 0 
-2 1 1 1 0 0 1 -1 0 3*mt2+s34-2*t+2*s12-2*s 
-2 0 1 1 0 1 1 0 -1 -mt2+2*t-s12 

0
0 14
0 14
-1 1 1 0 1 0 0 -1 0 2*mt2-t+2*s12 
0 0 1 0 0 0 0 0 0 0 
0 1 0 0 0 0 0 0 0 0 
0 0 0 1 0 0 0 0 0 0 
0 0 0 0 1 0 0 0 0 0 
0 1 1 0 0 -1 0 -1 1 2*mt2+2*s34-2*t+4*s12-2*s 
0 1 1 -1 2 0 -1 -1 0 3*mt2-s34+2*s12+2*s 
0 0 0 0 0 0 0 1 0 0 
0 0 0 0 0 0 0 0 1 0 

0
0 14
0 14
-1 1 1 0 1 0 0 -1 0 2*mt2-t+2*s12 
0 0 1 0 0 0 0 0 0 0 
0 0 0 1 0 0 0 0 0 0 
0 1 0 0 0 0 0 0 0 0 
1 1 0 0 0 0 -1 0 0 -s34+t+s 
0 1 1 0 0 -1 0 -1 1 2*mt2+2*s34-2*t+4*s12-2*s 
0 1 1 -1 2 0 -1 -1 0 3*mt2-s34+2*s12+2*s 
2 0 0 0 0 0 -1 0 0 2*mt2 
2 1 0 0 0 -1 -1 0 0 s34+2*t+s12 

0
0 14
0 14
0 0 0 1 -1 0 0 1 0 -2*mt2-s34+t+s 
0 0 0 1 0 0 0 0 0 0 
0 0 1 0 0 0 0 0 0 0 
0 1 0 0 0 0 0 0 0 0 
1 1 0 0 0 0 -1 0 0 -s34+t+s 
0 0 0 1 0 0 0 1 -1 -2*mt2+s34+2*t+s12 
0 0 0 2 -2 0 0 1 0 -2*mt2-2*s34+2*t+2*s 
2 0 0 0 0 0 -1 0 0 2*mt2 
2 1 0 0 0 -1 -1 0 0 s34+2*t+s12 

0
0 14
0 14
0 0 0 1 -1 0 0 1 0 -2*mt2-s34+t+s 
0 0 0 1 0 0 0 0 0 0 
0 1 0 0 0 0 0 0 0 0 
0 0 1 0 0 0 0 0 0 0 
-1 0 1 1 -1 0 1 0 0 -mt2-s 
0 0 0 1 0 0 0 1 -1 -2*mt2+s34+2*t+s12 
0 0 0 2 -2 0 0 1 0 -2*mt2-2*s34+2*t+2*s 
-2 1 1 1 0 0 1 -1 0 3*mt2+s34-2*t+2*s12-2*s 
-2 0 1 1 0 1 1 0 -1 -mt2+2*t-s12 

0
0 15
0 15
1 0 0 0 0 0 0 0 0 0 
0 1 0 0 0 0 0 0 0 0 
0 0 0 1 0 0 0 0 0 0 
0 0 1 0 0 0 0 0 0 0 
-1 0 1 1 -1 0 1 0 0 -mt2-s 
0 0 0 0 0 1 0 0 0 0 
0 0 0 0 0 0 1 0 0 0 
-2 1 1 1 0 0 1 -1 0 3*mt2+s34-2*t+2*s12-2*s 
-2 0 1 1 0 1 1 0 -1 -mt2+2*t-s12 

0
0 19
0 19
0 1 0 0 0 0 0 0 0 0 
1 0 0 0 0 0 0 0 0 0 
1 1 -1 2 3 0 0 -1 -2 2*mt2+2*s34+t 
0 0 0 1 0 0 0 0 0 0 
0 0 0 0 1 0 0 0 0 0 
1 1 0 0 0 -1 0 0 0 3*s34+s12-s 
1 1 0 0 0 0 -1 0 0 mt2-s34+t+s 
0 0 0 0 0 0 0 1 0 0 
0 0 0 0 0 0 0 0 1 0 

0
0 21
0 21
0 0 1 0 0 0 0 0 0 0 
1 -1 1 0 -1 0 0 1 0 -2*mt2+t 
1 0 0 0 0 0 0 0 0 0 
0 0 0 1 0 0 0 0 0 0 
0 0 0 0 1 0 0 0 0 0 
1 0 1 0 -1 -1 0 0 1 s34-t+s12-s 
1 0 1 -1 1 0 -1 0 0 2*mt2+s 
0 0 0 0 0 0 0 1 0 0 
0 0 0 0 0 0 0 0 1 0 

0
0 22
0 22
-1 1 1 0 1 0 0 -1 0 2*mt2-t+2*s12 
0 0 1 0 0 0 0 0 0 0 
0 1 0 0 0 0 0 0 0 0 
0 0 0 1 0 0 0 0 0 0 
0 0 0 0 1 0 0 0 0 0 
0 1 1 0 0 -1 0 -1 1 2*mt2+2*s34-2*t+4*s12-2*s 
0 1 1 -1 2 0 -1 -1 0 3*mt2-s34+2*s12+2*s 
0 0 0 0 0 0 0 1 0 0 
0 0 0 0 0 0 0 0 1 0 

0
0 27
0 27
0 1 0 0 0 0 0 0 0 0 
1 0 0 0 0 0 0 0 0 0 
1 1 -1 2 3 0 0 -1 -2 2*mt2+2*s34+t 
0 0 0 1 0 0 0 0 0 0 
0 0 0 0 1 0 0 0 0 0 
1 1 0 0 0 -1 0 0 0 3*s34+s12-s 
1 1 0 0 0 0 -1 0 0 mt2-s34+t+s 
0 0 0 0 0 0 0 1 0 0 
0 0 0 0 0 0 0 0 1 0 

0
0 29
0 29
0 0 1 0 0 0 0 0 0 0 
1 -1 1 0 -1 0 0 1 0 -2*mt2+t 
1 0 0 0 0 0 0 0 0 0 
0 0 0 1 0 0 0 0 0 0 
0 0 0 0 1 0 0 0 0 0 
1 0 1 0 -1 -1 0 0 1 s34-t+s12-s 
1 0 1 -1 1 0 -1 0 0 2*mt2+s 
0 0 0 0 0 0 0 1 0 0 
0 0 0 0 0 0 0 0 1 0 

0
0 30
0 30
-1 1 1 0 1 0 0 -1 0 2*mt2-t+2*s12 
0 0 1 0 0 0 0 0 0 0 
0 1 0 0 0 0 0 0 0 0 
0 0 0 1 0 0 0 0 0 0 
0 0 0 0 1 0 0 0 0 0 
0 1 1 0 0 -1 0 -1 1 2*mt2+2*s34-2*t+4*s12-2*s 
0 1 1 -1 2 0 -1 -1 0 3*mt2-s34+2*s12+2*s 
0 0 0 0 0 0 0 1 0 0 
0 0 0 0 0 0 0 0 1 0 

