prime 2147483647
d mt2 s12 s123 s16 s23 s234 s34 s345 s45 s56
784428262 1083795917 1046382590 1308880598 862905906 890801309 1876653023 1031573291 627698974 216696628 599127965
984410907 1083795917 1046382590 1308880598 862905906 890801309 1876653023 1031573291 627698974 216696628 599127965
175044102 1083795917 1046382590 1308880598 862905906 890801309 1876653023 1031573291 627698974 216696628 599127965
1665318381 1083795917 1046382590 1308880598 862905906 890801309 1876653023 1031573291 627698974 216696628 599127965
1131880628 1083795917 1046382590 1308880598 862905906 890801309 1876653023 1031573291 627698974 216696628 599127965
2013048217 1083795917 1046382590 1308880598 862905906 890801309 1876653023 1031573291 627698974 216696628 599127965
80286569 1083795917 1046382590 1308880598 862905906 890801309 1876653023 1031573291 627698974 216696628 599127965
1793087288 1083795917 1046382590 1308880598 862905906 890801309 1876653023 1031573291 627698974 216696628 599127965
1303202947 1083795917 1046382590 1308880598 862905906 890801309 1876653023 1031573291 627698974 216696628 599127965
709743870 1083795917 1046382590 1308880598 862905906 890801309 1876653023 1031573291 627698974 216696628 599127965
1371608285 1083795917 1046382590 1308880598 862905906 890801309 1876653023 1031573291 627698974 216696628 599127965
1747371819 1083795917 1046382590 1308880598 862905906 890801309 1876653023 1031573291 627698974 216696628 599127965
1473062641 1083795917 1046382590 1308880598 862905906 890801309 1876653023 1031573291 627698974 216696628 599127965
1895088359 1083795917 1046382590 1308880598 862905906 890801309 1876653023 1031573291 627698974 216696628 599127965
1545043030 1083795917 1046382590 1308880598 862905906 890801309 1876653023 1031573291 627698974 216696628 599127965
1495120401 1083795917 1046382590 1308880598 862905906 890801309 1876653023 1031573291 627698974 216696628 599127965
1789884083 1083795917 1046382590 1308880598 862905906 890801309 1876653023 1031573291 627698974 216696628 599127965
1309494111 1083795917 1046382590 1308880598 862905906 890801309 1876653023 1031573291 627698974 216696628 599127965
803587319 1083795917 1046382590 1308880598 862905906 890801309 1876653023 1031573291 627698974 216696628 599127965
19074766 1083795917 1046382590 1308880598 862905906 890801309 1876653023 1031573291 627698974 216696628 599127965
