prime 2147483647
d mt2 s12 s123 s16 s23 s234 s34 s345 s45 s56
1586743158 1014393130 1424055777 1221288530 698009557 654132665 1692650284 417197832 642746006 398386772 1623060165
780360764 1014393130 1424055777 1221288530 698009557 654132665 1692650284 417197832 642746006 398386772 1623060165
1413008304 1014393130 1424055777 1221288530 698009557 654132665 1692650284 417197832 642746006 398386772 1623060165
510456366 1014393130 1424055777 1221288530 698009557 654132665 1692650284 417197832 642746006 398386772 1623060165
1476274795 1014393130 1424055777 1221288530 698009557 654132665 1692650284 417197832 642746006 398386772 1623060165
1935350389 1014393130 1424055777 1221288530 698009557 654132665 1692650284 417197832 642746006 398386772 1623060165
90185453 1014393130 1424055777 1221288530 698009557 654132665 1692650284 417197832 642746006 398386772 1623060165
1400798627 1014393130 1424055777 1221288530 698009557 654132665 1692650284 417197832 642746006 398386772 1623060165
1015583404 1014393130 1424055777 1221288530 698009557 654132665 1692650284 417197832 642746006 398386772 1623060165
1209183106 1014393130 1424055777 1221288530 698009557 654132665 1692650284 417197832 642746006 398386772 1623060165
1217043778 1014393130 1424055777 1221288530 698009557 654132665 1692650284 417197832 642746006 398386772 1623060165
1307627772 1014393130 1424055777 1221288530 698009557 654132665 1692650284 417197832 642746006 398386772 1623060165
2099271444 1014393130 1424055777 1221288530 698009557 654132665 1692650284 417197832 642746006 398386772 1623060165
913913707 1014393130 1424055777 1221288530 698009557 654132665 1692650284 417197832 642746006 398386772 1623060165
1854379457 1014393130 1424055777 1221288530 698009557 654132665 1692650284 417197832 642746006 398386772 1623060165
63447949 1014393130 1424055777 1221288530 698009557 654132665 1692650284 417197832 642746006 398386772 1623060165
660877246 1014393130 1424055777 1221288530 698009557 654132665 1692650284 417197832 642746006 398386772 1623060165
347668417 1014393130 1424055777 1221288530 698009557 654132665 1692650284 417197832 642746006 398386772 1623060165
350048182 1014393130 1424055777 1221288530 698009557 654132665 1692650284 417197832 642746006 398386772 1623060165
604012489 1014393130 1424055777 1221288530 698009557 654132665 1692650284 417197832 642746006 398386772 1623060165
