prime 2147483647
d mt2 s12 s123 s16 s23 s234 s34 s345 s45 s56
481875173 1474959957 951637544 491891494 991966949 701588611 1397012838 1375367806 1026797421 475133747 940517343
1852280953 1474959957 951637544 491891494 991966949 701588611 1397012838 1375367806 1026797421 475133747 940517343
1898648407 1474959957 951637544 491891494 991966949 701588611 1397012838 1375367806 1026797421 475133747 940517343
644149953 1474959957 951637544 491891494 991966949 701588611 1397012838 1375367806 1026797421 475133747 940517343
415973503 1474959957 951637544 491891494 991966949 701588611 1397012838 1375367806 1026797421 475133747 940517343
1287103839 1474959957 951637544 491891494 991966949 701588611 1397012838 1375367806 1026797421 475133747 940517343
2060799201 1474959957 951637544 491891494 991966949 701588611 1397012838 1375367806 1026797421 475133747 940517343
1270378769 1474959957 951637544 491891494 991966949 701588611 1397012838 1375367806 1026797421 475133747 940517343
859332659 1474959957 951637544 491891494 991966949 701588611 1397012838 1375367806 1026797421 475133747 940517343
1116596640 1474959957 951637544 491891494 991966949 701588611 1397012838 1375367806 1026797421 475133747 940517343
1458597264 1474959957 951637544 491891494 991966949 701588611 1397012838 1375367806 1026797421 475133747 940517343
682449157 1474959957 951637544 491891494 991966949 701588611 1397012838 1375367806 1026797421 475133747 940517343
250460176 1474959957 951637544 491891494 991966949 701588611 1397012838 1375367806 1026797421 475133747 940517343
1287299162 1474959957 951637544 491891494 991966949 701588611 1397012838 1375367806 1026797421 475133747 940517343
1037791771 1474959957 951637544 491891494 991966949 701588611 1397012838 1375367806 1026797421 475133747 940517343
1774885852 1474959957 951637544 491891494 991966949 701588611 1397012838 1375367806 1026797421 475133747 940517343
1291551176 1474959957 951637544 491891494 991966949 701588611 1397012838 1375367806 1026797421 475133747 940517343
1855895153 1474959957 951637544 491891494 991966949 701588611 1397012838 1375367806 1026797421 475133747 940517343
1749838744 1474959957 951637544 491891494 991966949 701588611 1397012838 1375367806 1026797421 475133747 940517343
612432228 1474959957 951637544 491891494 991966949 701588611 1397012838 1375367806 1026797421 475133747 940517343
